F 0.25 0.43301270189221935 -4.5 -0.43301270189221935 0.25 -0.8660254037844387
F -0.25 0.4330127018922193 -4.5 -0.4330127018922193 -0.25 0.8660254037844386
H 0.2500000000000001 0.4330127018922194 -3 -0.4330127018922194 0.2500000000000001 0
H 0.24999999999999997 0.4330127018922194 -1.4999999999999996 -0.4330127018922194 0.24999999999999997 2.598076211353316
H -0.5000000000000001 0 -2.999999999999999 0 -0.5000000000000001 1.7320508075688767
H1 -0.5 2.7755575615628914e-17 -1.4999999999999998 2.7755575615628914e-17 0.5 0.8660254037844384
P 0.25 -0.43301270189221935 0 0.43301270189221935 0.25 -4.440892098500626e-16
P 0.5 -2.7755575615628914e-17 -1.5 2.7755575615628914e-17 0.5 -0.866025403784439
H 0.5000000000000001 -2.7755575615628914e-17 2.9999999999999996 2.7755575615628914e-17 0.5000000000000001 -1.7320508075688776
H 0.5 5.551115123125783e-17 1.5 -5.551115123125783e-17 0.5 0.8660254037844393
H -0.2500000000000001 0.4330127018922194 1.5000000000000004 -0.4330127018922194 -0.2500000000000001 -0.8660254037844379
H1 -0.25000000000000006 -0.43301270189221935 3 -0.43301270189221935 0.25000000000000006 4.440892098500626e-16
F -0.25 -0.4330127018922194 4.5 0.4330127018922194 -0.25 0.8660254037844389
F 0.25000000000000006 -0.43301270189221935 4.5 0.43301270189221935 0.25000000000000006 -0.8660254037844386
