F -0.24999999999999997 0.43301270189221913 -14.999999999999998 -0.43301270189221913 -0.24999999999999997 1.7320508075688796
F -0.49999999999999983 -5.551115123125783e-17 -13.499999999999998 5.551115123125783e-17 -0.49999999999999983 2.598076211353318
H -0.24999999999999994 0.4330127018922193 -13.5 -0.4330127018922193 -0.24999999999999994 0.8660254037844408
H -0.24999999999999997 0.4330127018922192 -10.5 -0.4330127018922192 -0.24999999999999997 0.8660254037844404
H -0.24999999999999997 -0.43301270189221924 -12 0.43301270189221924 -0.24999999999999997 1.7320508075688785
H1 -0.24999999999999992 0.4330127018922192 -12 0.4330127018922192 0.24999999999999992 2.1094237467877974e-15
P 0.4999999999999999 5.551115123125783e-17 -12 -5.551115123125783e-17 0.4999999999999999 -1.7320508075688752
P 0.2499999999999999 0.4330127018922192 -13.5 -0.4330127018922192 0.2499999999999999 -0.8660254037844366
H 0.25000000000000006 0.4330127018922193 -12.000000000000002 -0.4330127018922193 0.25000000000000006 -5.1961524227066285
H 0.24999999999999994 0.4330127018922193 -10.500000000000002 -0.4330127018922193 0.24999999999999994 -2.5980762113533125
H -0.5 2.7755575615628914e-17 -12 -2.7755575615628914e-17 -0.5 -3.4641016151377513
H1 -0.49999999999999994 0 -10.500000000000002 0 0.49999999999999994 -4.330127018922189
F 0.24999999999999983 0.43301270189221924 -13.5 -0.43301270189221924 0.24999999999999983 -6.062177826491068
F -0.24999999999999997 0.43301270189221913 -13.5 -0.43301270189221913 -0.24999999999999997 -4.33012701892219
F 0.2500000000000001 -0.4330127018922192 -9.000000000000002 0.4330127018922192 0.2500000000000001 -5.1961524227066285
F 0.4999999999999999 1.3877787807814457e-16 -10.500000000000002 -1.3877787807814457e-16 0.4999999999999999 -6.062177826491066
H 0.24999999999999986 0.4330127018922193 -7.499999999999999 -0.4330127018922193 0.24999999999999986 -0.8660254037844353
H 0.24999999999999978 0.4330127018922193 -5.999999999999998 -0.4330127018922193 0.24999999999999978 1.7320508075688794
H -0.4999999999999999 -1.3877787807814457e-16 -7.499999999999998 1.3877787807814457e-16 -0.4999999999999999 0.866025403784441
H1 -0.4999999999999999 1.6653345369377348e-16 -5.999999999999999 1.6653345369377348e-16 0.4999999999999999 2.6645352591003757e-15
H 0.24999999999999994 0.4330127018922193 -4.499999999999998 -0.4330127018922193 0.24999999999999994 2.5980762113533165
H 0.24999999999999983 0.43301270189221924 -2.9999999999999982 -0.43301270189221924 0.24999999999999983 5.196152422706631
H -0.4999999999999999 -2.7755575615628914e-17 -4.499999999999998 2.7755575615628914e-17 -0.4999999999999999 4.330127018922193
H1 -0.49999999999999983 5.551115123125783e-17 -2.9999999999999987 5.551115123125783e-17 0.49999999999999983 3.4641016151377544
H -0.5 -2.7755575615628914e-17 -9 2.7755575615628914e-17 -0.5 5.19615242270663
H -0.4999999999999999 -1.1102230246251565e-16 -7.500000000000002 1.1102230246251565e-16 -0.4999999999999999 2.5980762113533142
H 0.25000000000000006 -0.4330127018922193 -7.500000000000002 0.4330127018922193 0.25000000000000006 4.330127018922191
H1 0.25 0.4330127018922192 -9 0.4330127018922192 -0.25 3.464101615137753
T -0.24999999999999994 0.43301270189221885 -5.999999999999997 -0.43301270189221885 -0.24999999999999994 3.464101615137755
P 0.24999999999999983 0.43301270189221935 -10.5 -0.43301270189221935 0.24999999999999983 2.5980762113533142
P -0.2500000000000001 0.4330127018922192 -10.5 -0.4330127018922192 -0.2500000000000001 4.330127018922192
F 0.24999999999999978 0.4330127018922193 -9 -0.4330127018922193 0.24999999999999978 -1.7320508075688743
F -0.25000000000000006 0.4330127018922191 -8.999999999999998 -0.4330127018922191 -0.25000000000000006 2.55351295663786e-15
P 0.2500000000000001 -0.43301270189221913 -4.5 0.43301270189221913 0.2500000000000001 -0.8660254037844375
P 0.4999999999999999 1.6653345369377348e-16 -6 -1.6653345369377348e-16 0.4999999999999999 -1.7320508075688754
F 0.24999999999999997 -0.4330127018922192 -1.4999999999999998 0.4330127018922192 0.24999999999999997 2.598076211353315
F 0.49999999999999983 2.7755575615628914e-17 -2.999999999999999 -2.7755575615628914e-17 0.49999999999999983 1.7320508075688767
P 0.4999999999999999 -8.326672684688674e-17 -4.499999999999998 8.326672684688674e-17 0.4999999999999999 6.062177826491069
P 0.25 0.43301270189221913 -5.999999999999997 -0.43301270189221913 0.25 6.928203230275507
F -0.4999999999999999 -1.3877787807814457e-16 -8.999999999999998 1.3877787807814457e-16 -0.4999999999999999 6.928203230275505
F -0.24999999999999983 -0.43301270189221924 -7.499999999999999 0.43301270189221924 -0.24999999999999983 6.062177826491067
F 0.49999999999999994 1.6653345369377348e-16 -1.500000000000003 -1.6653345369377348e-16 0.49999999999999994 -4.330127018922193
F 0.24999999999999983 0.4330127018922193 -3.0000000000000027 -0.4330127018922193 0.24999999999999983 -3.4641016151377535
H 0.5 1.3877787807814457e-16 -1.5000000000000024 -1.3877787807814457e-16 0.5 -2.598076211353315
H 0.49999999999999994 2.220446049250313e-16 -3.000000000000001 -2.220446049250313e-16 0.49999999999999994 1.3322676295501878e-15
H -0.25000000000000017 0.4330127018922193 -3.000000000000001 -0.4330127018922193 -0.25000000000000017 -1.7320508075688752
H1 -0.25000000000000017 -0.4330127018922192 -1.5000000000000016 -0.4330127018922192 0.25000000000000017 -0.8660254037844377
P -0.24999999999999983 -0.43301270189221935 -1.5543122344752192e-15 0.43301270189221935 -0.24999999999999983 -1.1102230246251565e-16
P 0.2500000000000001 -0.4330127018922192 -1.9984014443252818e-15 0.4330127018922192 0.2500000000000001 -1.7320508075688772
H 0.25000000000000017 -0.4330127018922193 2.9999999999999982 0.4330127018922193 0.25000000000000017 1.7320508075688756
H 0.25000000000000017 -0.4330127018922192 -1.7763568394002505e-15 0.4330127018922192 0.25000000000000017 1.732050807568877
H 0.2499999999999999 0.43301270189221946 1.4999999999999982 -0.43301270189221946 0.2499999999999999 0.8660254037844384
H1 0.24999999999999983 -0.4330127018922194 1.4999999999999987 -0.4330127018922194 -0.24999999999999983 2.598076211353315
F -0.5 -1.942890293094024e-16 1.4999999999999991 1.942890293094024e-16 -0.5 4.330127018922192
F -0.24999999999999983 -0.4330127018922194 2.9999999999999987 0.4330127018922194 -0.24999999999999983 3.464101615137753
H 0.5 3.885780586188048e-16 8.999999999999991 -3.885780586188048e-16 0.5 -5.1961524227066365
H 0.49999999999999994 4.718447854656915e-16 7.499999999999994 -4.718447854656915e-16 0.49999999999999994 -2.598076211353319
H -0.2500000000000004 0.43301270189221913 7.499999999999993 -0.43301270189221913 -0.2500000000000004 -4.330127018922196
H1 -0.2500000000000004 -0.4330127018922191 8.999999999999993 -0.4330127018922191 0.2500000000000004 -3.464101615137759
H 0.5 2.7755575615628914e-16 7.4999999999999964 -2.7755575615628914e-16 0.5 -0.8660254037844419
H 0.49999999999999994 3.608224830031759e-16 5.999999999999998 -3.608224830031759e-16 0.49999999999999994 1.732050807568875
H -0.2500000000000003 0.4330127018922192 5.999999999999998 -0.4330127018922192 -0.2500000000000003 -1.9984014443252818e-15
H1 -0.2500000000000003 -0.4330127018922191 7.499999999999998 -0.4330127018922191 0.2500000000000003 0.8660254037844353
H -0.25000000000000033 0.43301270189221924 2.999999999999996 -0.43301270189221924 -0.25000000000000033 -3.464101615137757
H -0.25000000000000033 0.4330127018922191 5.9999999999999964 -0.4330127018922191 -0.25000000000000033 -3.4641016151377597
H -0.24999999999999972 -0.4330127018922196 4.4999999999999964 0.4330127018922196 -0.24999999999999972 -2.5980762113533205
H1 -0.24999999999999967 0.4330127018922195 4.499999999999996 0.4330127018922195 0.24999999999999967 -4.330127018922197
T 0.24999999999999942 0.43301270189221924 5.999999999999996 -0.43301270189221924 0.24999999999999942 -1.732050807568879
P 0.5 4.163336342344337e-16 4.499999999999994 -4.163336342344337e-16 0.5 -6.062177826491075
P 0.24999999999999964 0.4330127018922195 2.9999999999999942 -0.4330127018922195 0.24999999999999964 -5.196152422706636
F 0.49999999999999994 4.718447854656915e-16 8.99999999999999 -4.718447854656915e-16 0.49999999999999994 -6.928203230275514
F 0.24999999999999956 0.43301270189221946 7.499999999999991 -0.43301270189221946 0.24999999999999956 -6.062177826491074
P -0.24999999999999958 -0.4330127018922195 10.499999999999993 0.4330127018922195 -0.24999999999999958 -2.5980762113533222
P 0.2500000000000004 -0.4330127018922191 10.499999999999993 0.4330127018922191 0.2500000000000004 -4.330127018922199
F -0.24999999999999972 -0.43301270189221946 8.999999999999996 0.43301270189221946 -0.24999999999999972 1.7320508075688723
F 0.2500000000000002 -0.43301270189221913 8.999999999999996 0.43301270189221913 0.2500000000000002 -4.9960036108132044e-15
P 0.25000000000000017 -0.4330127018922192 4.499999999999997 0.4330127018922192 0.25000000000000017 0.866025403784437
P 0.4999999999999999 1.942890293094024e-16 2.9999999999999973 -1.942890293094024e-16 0.4999999999999999 -9.992007221626409e-16
F -0.2500000000000004 0.43301270189221913 1.4999999999999978 -0.43301270189221913 -0.2500000000000004 -2.598076211353318
F -0.5 -4.163336342344337e-16 2.9999999999999982 4.163336342344337e-16 -0.5 -1.7320508075688805
F 0.25000000000000033 -0.43301270189221885 14.999999999999993 0.43301270189221885 0.25000000000000033 -1.7320508075688876
F 0.4999999999999997 4.996003610813204e-16 13.499999999999993 -4.996003610813204e-16 0.4999999999999997 -2.5980762113533244
H 0.2500000000000003 -0.4330127018922191 13.499999999999995 0.4330127018922191 0.2500000000000003 -0.8660254037844477
H 0.25000000000000033 -0.43301270189221897 10.499999999999996 0.43301270189221897 0.25000000000000033 -0.8660254037844448
H 0.2499999999999996 0.43301270189221946 11.999999999999995 -0.43301270189221946 0.2499999999999996 -1.732050807568884
H1 0.24999999999999956 -0.4330127018922194 11.999999999999996 -0.4330127018922194 -0.24999999999999956 -7.771561172376096e-15
P -0.4999999999999999 -4.718447854656915e-16 11.999999999999998 4.718447854656915e-16 -0.4999999999999999 1.7320508075688692
P -0.24999999999999953 -0.4330127018922194 13.499999999999996 0.4330127018922194 -0.24999999999999953 0.8660254037844295
H -0.24999999999999967 -0.4330127018922195 12.000000000000002 0.4330127018922195 -0.24999999999999967 5.196152422706621
H -0.24999999999999953 -0.4330127018922195 10.5 0.4330127018922195 -0.24999999999999953 2.598076211353308
H 0.5 4.440892098500626e-16 12 -4.440892098500626e-16 0.5 3.4641016151377455
H1 0.4999999999999999 -4.718447854656915e-16 10.500000000000002 -4.718447854656915e-16 -0.4999999999999999 4.330127018922185
F -0.24999999999999944 -0.4330127018922194 13.500000000000002 0.4330127018922194 -0.24999999999999944 6.06217782649106
F 0.25000000000000033 -0.43301270189221885 13.5 0.43301270189221885 0.25000000000000033 4.330127018922183
F -0.25000000000000044 0.43301270189221897 9.000000000000002 -0.43301270189221897 -0.25000000000000044 5.196152422706625
F -0.4999999999999999 -5.551115123125783e-16 10.500000000000002 5.551115123125783e-16 -0.4999999999999999 6.0621778264910615
