F -0.4999999999999998 -2.220446049250313e-16 -37.49999999999997 2.220446049250313e-16 -0.4999999999999998 9.526279441628855
F -0.2499999999999997 -0.43301270189221924 -35.99999999999997 0.43301270189221924 -0.2499999999999997 8.660254037844416
H -0.49999999999999994 -8.326672684688674e-17 -37.49999999999997 8.326672684688674e-17 -0.49999999999999994 7.794228634059977
H -0.49999999999999983 -1.6653345369377348e-16 -35.99999999999997 1.6653345369377348e-16 -0.49999999999999983 5.196152422706662
H 0.25000000000000006 -0.4330127018922192 -35.99999999999997 0.4330127018922192 0.25000000000000006 6.928203230275538
H1 0.25000000000000006 0.43301270189221913 -37.49999999999997 0.43301270189221913 -0.25000000000000006 6.062177826491101
P 0.24999999999999978 0.4330127018922193 -38.99999999999997 -0.4330127018922193 0.24999999999999978 5.196152422706662
P -0.25000000000000006 0.4330127018922191 -38.99999999999997 -0.4330127018922191 -0.25000000000000006 6.928203230275539
H -0.2500000000000001 0.43301270189221924 -41.99999999999997 -0.43301270189221924 -0.2500000000000001 3.4641016151377886
H -0.25000000000000017 0.43301270189221913 -38.99999999999997 -0.43301270189221913 -0.25000000000000017 3.4641016151377872
H -0.24999999999999983 -0.4330127018922194 -40.49999999999997 0.4330127018922194 -0.24999999999999983 4.330127018922226
H1 -0.2499999999999998 0.43301270189221935 -40.49999999999997 0.43301270189221935 0.2499999999999998 2.5980762113533493
F -0.2500000000000001 0.433012701892219 -43.49999999999997 -0.433012701892219 -0.2500000000000001 4.3301270189222265
F -0.4999999999999998 -2.220446049250313e-16 -41.99999999999997 2.220446049250313e-16 -0.4999999999999998 5.196152422706664
F 0.4999999999999999 2.7755575615628914e-16 -40.49999999999997 -2.7755575615628914e-16 0.4999999999999999 0.8660254037844721
F 0.2499999999999997 0.4330127018922193 -41.99999999999997 -0.4330127018922193 0.2499999999999997 1.7320508075689114
H -0.2500000000000004 0.4330127018922192 -35.99999999999997 -0.4330127018922192 -0.2500000000000004 1.7320508075689098
H -0.2500000000000004 0.4330127018922191 -32.99999999999997 -0.4330127018922191 -0.2500000000000004 1.7320508075689067
H -0.24999999999999964 -0.4330127018922196 -34.49999999999997 0.4330127018922196 -0.24999999999999964 2.598076211353346
H1 -0.24999999999999958 0.4330127018922195 -34.49999999999997 0.4330127018922195 0.24999999999999958 0.8660254037844696
H -0.2500000000000003 0.43301270189221924 -31.49999999999997 -0.43301270189221924 -0.2500000000000003 0.8660254037844659
H -0.2500000000000003 0.43301270189221913 -28.49999999999997 -0.43301270189221913 -0.2500000000000003 0.8660254037844637
H -0.24999999999999978 -0.4330127018922195 -29.99999999999997 0.4330127018922195 -0.24999999999999978 1.7320508075689025
H1 -0.24999999999999972 0.43301270189221946 -29.99999999999997 0.43301270189221946 0.24999999999999972 2.609024107869118e-14
H -0.24999999999999978 -0.43301270189221963 -31.49999999999997 0.43301270189221963 -0.24999999999999978 6.062177826491098
H -0.24999999999999964 -0.4330127018922196 -32.99999999999998 0.4330127018922196 -0.24999999999999964 3.464101615137783
H 0.5000000000000001 3.608224830031759e-16 -31.499999999999975 -3.608224830031759e-16 0.5000000000000001 4.330127018922221
H1 0.5 -3.885780586188048e-16 -32.99999999999997 -3.885780586188048e-16 -0.5 5.1961524227066604
T -0.49999999999999967 -4.718447854656912e-16 -31.49999999999997 4.718447854656912e-16 -0.49999999999999967 2.5980762113533427
P -0.2500000000000004 0.4330127018922192 -34.49999999999997 -0.4330127018922192 -0.2500000000000004 6.062177826491101
P -0.5 -3.885780586188048e-16 -32.99999999999997 3.885780586188048e-16 -0.5 6.928203230275538
F -0.2500000000000004 0.4330127018922191 -37.49999999999997 -0.4330127018922191 -0.2500000000000004 2.5980762113533493
F -0.5 -4.440892098500626e-16 -35.99999999999997 4.440892098500626e-16 -0.5 3.4641016151377864
P 0.5 4.718447854656915e-16 -34.49999999999997 -4.718447854656915e-16 0.5 -0.8660254037844076
P 0.24999999999999958 0.4330127018922195 -35.99999999999997 -0.4330127018922195 0.24999999999999958 3.241851231905457e-14
F 0.5 3.23815048849004e-16 -29.999999999999975 -3.23815048849004e-16 0.5 -1.732050807568851
F 0.24999999999999972 0.43301270189221946 -31.499999999999975 -0.43301270189221946 0.24999999999999972 -0.8660254037844113
P 0.2499999999999998 0.4330127018922194 -28.49999999999997 -0.4330127018922194 0.2499999999999998 2.598076211353341
P -0.25000000000000017 0.4330127018922192 -28.49999999999997 -0.4330127018922192 -0.25000000000000017 4.330127018922218
F -0.24999999999999964 -0.4330127018922196 -29.99999999999997 0.4330127018922196 -0.24999999999999964 6.9282032302755345
F 0.2500000000000004 -0.43301270189221913 -29.99999999999997 0.43301270189221913 0.2500000000000004 5.196152422706657
F 0.24999999999999956 0.43301270189221946 -35.99999999999998 -0.43301270189221946 0.24999999999999956 -5.1961524227066045
F -0.25000000000000033 0.43301270189221897 -35.99999999999998 -0.43301270189221897 -0.25000000000000033 -3.4641016151377273
H 0.24999999999999967 0.4330127018922195 -34.49999999999998 -0.4330127018922195 0.24999999999999967 -4.330127018922166
H 0.24999999999999953 0.4330127018922195 -32.99999999999997 -0.4330127018922195 0.24999999999999953 -1.7320508075688528
H -0.5 -4.440892098500626e-16 -34.49999999999997 4.440892098500626e-16 -0.5 -2.5980762113532903
H1 -0.4999999999999999 4.718447854656915e-16 -32.99999999999998 4.718447854656915e-16 0.4999999999999999 -3.4641016151377295
P 0.25000000000000033 -0.433012701892219 -31.49999999999998 0.433012701892219 0.25000000000000033 -4.33012701892217
P 0.4999999999999999 4.163336342344337e-16 -32.99999999999998 -4.163336342344337e-16 0.4999999999999999 -5.196152422706607
H 0.5 4.163336342344337e-16 -28.499999999999982 -4.163336342344337e-16 0.5 -6.06217782649105
H 0.49999999999999994 4.996003610813204e-16 -29.99999999999998 -4.996003610813204e-16 0.49999999999999994 -3.4641016151377326
H -0.25000000000000044 0.4330127018922191 -29.99999999999998 -0.4330127018922191 -0.25000000000000044 -5.196152422706609
H1 -0.2500000000000004 -0.433012701892219 -28.49999999999998 -0.433012701892219 0.2500000000000004 -4.330127018922172
F -0.24999999999999956 -0.4330127018922195 -26.99999999999998 0.4330127018922195 -0.24999999999999956 -3.464101615137735
F 0.2500000000000004 -0.433012701892219 -26.99999999999998 0.433012701892219 0.2500000000000004 -5.1961524227066125
H 0.24999999999999936 0.4330127018922193 -31.499999999999986 -0.4330127018922193 0.24999999999999936 -14.722431864335425
H 0.24999999999999922 0.43301270189221924 -29.999999999999986 -0.43301270189221924 0.24999999999999922 -12.124355652982112
H -0.49999999999999967 -5.828670879282072e-16 -31.499999999999982 5.828670879282072e-16 -0.49999999999999967 -12.990381056766548
H1 -0.49999999999999956 6.106226635438361e-16 -29.999999999999986 6.106226635438361e-16 0.49999999999999956 -13.85640646055099
H 0.24999999999999942 0.4330127018922192 -28.499999999999982 -0.4330127018922192 0.24999999999999942 -11.258330249197677
H 0.24999999999999933 0.4330127018922192 -26.999999999999982 -0.4330127018922192 0.24999999999999933 -8.660254037844364
H -0.49999999999999967 -4.718447854656915e-16 -28.499999999999982 4.718447854656915e-16 -0.49999999999999967 -9.526279441628802
H1 -0.49999999999999956 4.996003610813204e-16 -26.999999999999982 4.996003610813204e-16 0.49999999999999956 -10.392304845413241
H -0.4999999999999997 -4.718447854656915e-16 -32.99999999999998 4.718447854656915e-16 -0.4999999999999997 -8.66025403784436
H -0.4999999999999996 -5.551115123125783e-16 -31.499999999999986 5.551115123125783e-16 -0.4999999999999996 -11.258330249197677
H 0.2500000000000003 -0.43301270189221885 -31.499999999999982 0.43301270189221885 0.2500000000000003 -9.526279441628802
H1 0.2500000000000003 0.43301270189221874 -32.99999999999998 0.43301270189221874 -0.2500000000000003 -10.392304845413237
T -0.25000000000000017 0.43301270189221835 -29.999999999999982 -0.43301270189221835 -0.25000000000000017 -10.392304845413236
P 0.24999999999999933 0.4330127018922193 -34.49999999999998 -0.4330127018922193 0.24999999999999933 -11.258330249197671
P -0.2500000000000003 0.43301270189221874 -34.49999999999998 -0.43301270189221874 -0.2500000000000003 -9.526279441628796
F 0.24999999999999922 0.43301270189221924 -32.999999999999986 -0.43301270189221924 0.24999999999999922 -15.588457268119859
F -0.2500000000000003 0.43301270189221863 -32.999999999999986 -0.43301270189221863 -0.2500000000000003 -13.856406460550984
P 0.25000000000000033 -0.43301270189221863 -28.499999999999986 0.43301270189221863 0.25000000000000033 -14.722431864335427
P 0.49999999999999956 6.106226635438361e-16 -29.999999999999986 -6.106226635438361e-16 0.49999999999999956 -15.588457268119862
F 0.2500000000000002 -0.4330127018922187 -25.499999999999986 0.4330127018922187 0.2500000000000002 -11.25833024919768
F 0.49999999999999956 4.996003610813204e-16 -26.999999999999982 -4.996003610813204e-16 0.49999999999999956 -12.124355652982116
P 0.49999999999999956 3.608224830031759e-16 -28.49999999999998 -3.608224830031759e-16 0.49999999999999956 -7.794228634059926
P 0.24999999999999947 0.4330127018922191 -29.99999999999998 -0.4330127018922191 0.24999999999999947 -6.928203230275487
F -0.49999999999999967 -5.828670879282072e-16 -32.99999999999998 5.828670879282072e-16 -0.49999999999999967 -6.928203230275487
F -0.24999999999999933 -0.4330127018922193 -31.49999999999998 0.4330127018922193 -0.24999999999999933 -7.794228634059926
F -0.2500000000000001 0.4330127018922185 -38.99999999999998 -0.4330127018922185 -0.2500000000000001 -12.124355652982103
F -0.49999999999999933 -4.718447854656915e-16 -37.49999999999998 4.718447854656915e-16 -0.49999999999999933 -11.258330249197668
H -0.25000000000000006 0.4330127018922187 -37.499999999999986 -0.4330127018922187 -0.25000000000000006 -12.990381056766543
H -0.25000000000000006 0.4330127018922186 -34.499999999999986 -0.4330127018922186 -0.25000000000000006 -12.990381056766546
H -0.24999999999999942 -0.4330127018922191 -35.999999999999986 0.4330127018922191 -0.24999999999999942 -12.124355652982107
H1 -0.24999999999999936 0.433012701892219 -35.999999999999986 0.433012701892219 0.24999999999999936 -13.856406460550982
P 0.49999999999999944 4.440892098500626e-16 -35.999999999999986 -4.440892098500626e-16 0.49999999999999944 -15.588457268119859
P 0.24999999999999933 0.433012701892219 -37.499999999999986 -0.433012701892219 0.24999999999999933 -14.72243186433542
H 0.24999999999999947 0.4330127018922191 -35.99999999999999 -0.4330127018922191 0.24999999999999947 -19.05255888325761
H 0.24999999999999933 0.4330127018922191 -34.49999999999999 -0.4330127018922191 0.24999999999999933 -16.454482671904298
H -0.49999999999999956 -3.885780586188048e-16 -35.999999999999986 3.885780586188048e-16 -0.49999999999999956 -17.320508075688736
H1 -0.49999999999999944 4.163336342344337e-16 -34.49999999999999 4.163336342344337e-16 0.49999999999999944 -18.186533479473173
F 0.24999999999999928 0.433012701892219 -37.49999999999999 -0.433012701892219 0.24999999999999928 -19.91858428704204
F -0.2500000000000001 0.4330127018922185 -37.49999999999999 -0.4330127018922185 -0.2500000000000001 -18.186533479473166
F 0.2500000000000002 -0.4330127018922186 -33 0.4330127018922186 0.2500000000000002 -19.05255888325761
F 0.49999999999999944 5.551115123125783e-16 -34.5 -5.551115123125783e-16 0.49999999999999944 -19.918584287042044
F 0.4999999999999996 7.216449660063518e-16 -25.499999999999996 -7.216449660063518e-16 0.4999999999999996 -18.186533479473184
F 0.24999999999999917 0.4330127018922193 -26.999999999999993 -0.4330127018922193 0.24999999999999917 -17.320508075688746
H 0.4999999999999998 5.828670879282072e-16 -25.499999999999996 -5.828670879282072e-16 0.4999999999999998 -16.45448267190431
H 0.4999999999999997 6.661338147750939e-16 -26.999999999999993 -6.661338147750939e-16 0.4999999999999997 -13.856406460550993
H -0.25000000000000044 0.43301270189221885 -26.999999999999993 -0.43301270189221885 -0.25000000000000044 -15.58845726811987
H1 -0.2500000000000004 -0.43301270189221874 -25.499999999999993 -0.43301270189221874 0.2500000000000004 -14.722431864335434
P -0.24999999999999928 -0.4330127018922194 -23.99999999999999 0.4330127018922194 -0.24999999999999928 -13.856406460550996
P 0.25000000000000044 -0.43301270189221874 -23.999999999999993 0.43301270189221874 0.25000000000000044 -15.588457268119873
H 0.25000000000000044 -0.4330127018922189 -20.999999999999993 0.4330127018922189 0.25000000000000044 -12.124355652982127
H 0.2500000000000005 -0.4330127018922188 -23.99999999999999 0.4330127018922188 0.2500000000000005 -12.124355652982123
H 0.24999999999999933 0.4330127018922195 -22.499999999999993 -0.4330127018922195 0.24999999999999933 -12.990381056766562
H1 0.24999999999999928 -0.43301270189221946 -22.49999999999999 -0.43301270189221946 -0.24999999999999928 -11.258330249197687
F 0.25000000000000044 -0.43301270189221863 -19.499999999999993 0.43301270189221863 0.25000000000000044 -12.990381056766566
F 0.4999999999999996 7.216449660063518e-16 -20.999999999999993 -7.216449660063518e-16 0.4999999999999996 -13.856406460551003
F -0.4999999999999997 -7.771561172376096e-16 -22.499999999999986 7.771561172376096e-16 -0.4999999999999997 -9.52627944162881
F -0.2499999999999992 -0.43301270189221946 -20.99999999999999 0.43301270189221946 -0.2499999999999992 -10.392304845413252
H 0.24999999999999978 0.43301270189221935 -19.499999999999986 -0.43301270189221935 0.24999999999999978 -2.598076211353308
H 0.2499999999999997 0.4330127018922193 -17.999999999999982 -0.4330127018922193 0.2499999999999997 6.217248937900877e-15
H -0.49999999999999994 -2.220446049250313e-16 -19.499999999999982 2.220446049250313e-16 -0.49999999999999994 -0.8660254037844317
H1 -0.4999999999999999 2.498001805406602e-16 -17.999999999999986 2.498001805406602e-16 0.4999999999999999 -1.7320508075688705
H 0.2499999999999999 0.4330127018922193 -16.499999999999982 -0.4330127018922193 0.2499999999999999 0.8660254037844428
H 0.2499999999999998 0.4330127018922193 -14.99999999999998 -0.4330127018922193 0.2499999999999998 3.4641016151377575
H -0.4999999999999999 -1.1102230246251565e-16 -16.49999999999998 1.1102230246251565e-16 -0.4999999999999999 2.598076211353319
H1 -0.4999999999999999 1.3877787807814457e-16 -14.999999999999982 1.3877787807814457e-16 0.4999999999999999 1.7320508075688807
H -0.5 -1.3877787807814457e-16 -20.999999999999982 1.3877787807814457e-16 -0.5 3.4641016151377566
H -0.4999999999999999 -2.220446049250313e-16 -19.499999999999986 2.220446049250313e-16 -0.4999999999999999 0.8660254037844406
H 0.2500000000000001 -0.4330127018922192 -19.499999999999986 0.4330127018922192 0.2500000000000001 2.598076211353317
H1 0.2500000000000001 0.43301270189221913 -20.999999999999982 0.43301270189221913 -0.2500000000000001 1.7320508075688796
T -0.25 0.4330127018922188 -17.99999999999998 -0.4330127018922188 -0.25 1.7320508075688814
P 0.24999999999999975 0.4330127018922194 -22.499999999999982 -0.4330127018922194 0.24999999999999975 0.8660254037844418
P -0.25000000000000017 0.43301270189221913 -22.499999999999982 -0.43301270189221913 -0.25000000000000017 2.5980762113533187
F 0.2499999999999997 0.4330127018922193 -20.999999999999982 -0.4330127018922193 0.2499999999999997 -3.4641016151377464
F -0.2500000000000001 0.433012701892219 -20.999999999999982 -0.433012701892219 -0.2500000000000001 -1.7320508075688696
P 0.25000000000000017 -0.4330127018922191 -16.499999999999986 0.4330127018922191 0.25000000000000017 -2.5980762113533107
P 0.4999999999999999 2.498001805406602e-16 -17.999999999999986 -2.498001805406602e-16 0.4999999999999999 -3.464101615137748
F 0.25000000000000006 -0.43301270189221913 -13.499999999999984 0.43301270189221913 0.25000000000000006 0.8660254037844415
F 0.4999999999999999 1.3877787807814457e-16 -14.999999999999984 -1.3877787807814457e-16 0.4999999999999999 3.552713678800501e-15
P 0.4999999999999999 0 -16.49999999999998 0 0.4999999999999999 4.330127018922196
P 0.24999999999999994 0.4330127018922192 -17.99999999999998 -0.4330127018922192 0.24999999999999994 5.196152422706634
F -0.49999999999999994 -2.220446049250313e-16 -20.99999999999998 2.220446049250313e-16 -0.49999999999999994 5.196152422706633
F -0.24999999999999978 -0.43301270189221935 -19.49999999999998 0.43301270189221935 -0.24999999999999978 4.330127018922194
H 0.2499999999999996 0.4330127018922194 -11.999999999999984 -0.4330127018922194 0.2499999999999996 5.196152422706634
H 0.24999999999999947 0.43301270189221935 -10.499999999999982 -0.43301270189221935 0.24999999999999947 7.794228634059947
H -0.49999999999999983 -4.163336342344337e-16 -11.999999999999982 4.163336342344337e-16 -0.49999999999999983 6.92820323027551
H1 -0.4999999999999998 4.440892098500626e-16 -10.499999999999984 4.440892098500626e-16 0.4999999999999998 6.06217782649107
H 0.24999999999999972 0.4330127018922193 -8.99999999999998 -0.4330127018922193 0.24999999999999972 8.660254037844382
H 0.24999999999999958 0.4330127018922193 -7.49999999999998 -0.4330127018922193 0.24999999999999958 11.258330249197696
H -0.49999999999999983 -2.7755575615628914e-16 -8.999999999999979 2.7755575615628914e-16 -0.49999999999999983 10.392304845413259
H1 -0.4999999999999998 3.0531133177191805e-16 -7.4999999999999805 3.0531133177191805e-16 0.4999999999999998 9.52627944162882
H -0.49999999999999994 -3.0531133177191805e-16 -13.499999999999979 3.0531133177191805e-16 -0.49999999999999994 11.258330249197698
H -0.4999999999999999 -3.885780586188048e-16 -11.999999999999982 3.885780586188048e-16 -0.4999999999999999 8.660254037844382
H 0.2500000000000003 -0.4330127018922191 -11.999999999999982 0.4330127018922191 0.2500000000000003 10.392304845413259
H1 0.2500000000000002 0.433012701892219 -13.49999999999998 0.433012701892219 -0.2500000000000002 9.526279441628821
T -0.2500000000000001 0.43301270189221863 -10.499999999999979 -0.43301270189221863 -0.2500000000000001 9.526279441628823
P 0.24999999999999958 0.4330127018922194 -14.99999999999998 -0.4330127018922194 0.24999999999999958 8.660254037844384
P -0.2500000000000003 0.43301270189221897 -14.999999999999979 -0.43301270189221897 -0.2500000000000003 10.39230484541326
F 0.24999999999999947 0.43301270189221935 -13.499999999999982 -0.43301270189221935 0.24999999999999947 4.330127018922196
F -0.2500000000000003 0.43301270189221885 -13.49999999999998 -0.43301270189221885 -0.2500000000000003 6.062177826491072
P 0.2500000000000003 -0.4330127018922189 -8.999999999999984 0.4330127018922189 0.2500000000000003 5.196152422706631
P 0.4999999999999998 4.440892098500626e-16 -10.499999999999984 -4.440892098500626e-16 0.4999999999999998 4.330127018922194
F 0.25000000000000017 -0.43301270189221897 -5.999999999999982 0.43301270189221897 0.25000000000000017 8.66025403784438
F 0.4999999999999998 3.0531133177191805e-16 -7.499999999999982 -3.0531133177191805e-16 0.4999999999999998 7.794228634059944
P 0.4999999999999998 1.942890293094024e-16 -8.999999999999979 -1.942890293094024e-16 0.4999999999999998 12.124355652982135
P 0.24999999999999972 0.43301270189221924 -10.499999999999979 -0.43301270189221924 0.24999999999999972 12.990381056766575
F -0.49999999999999983 -4.163336342344337e-16 -13.499999999999977 4.163336342344337e-16 -0.49999999999999983 12.990381056766573
F -0.24999999999999956 -0.43301270189221935 -11.999999999999979 0.43301270189221935 -0.24999999999999956 12.124355652982134
H -0.5000000000000004 -2.7755575615628914e-17 -23.99999999999997 2.7755575615628914e-17 -0.5000000000000004 13.856406460551012
H -0.5000000000000003 -1.1102230246251565e-16 -22.49999999999997 1.1102230246251565e-16 -0.5000000000000003 11.258330249197694
H 0.2500000000000002 -0.43301270189221963 -22.49999999999997 0.43301270189221963 0.2500000000000002 12.990381056766571
H1 0.2500000000000002 0.4330127018922196 -23.99999999999997 0.4330127018922196 -0.2500000000000002 12.124355652982134
H -0.5000000000000004 1.1102230246251565e-16 -22.49999999999997 -1.1102230246251565e-16 -0.5000000000000004 9.526279441628814
H -0.5000000000000003 2.7755575615628914e-17 -20.99999999999997 -2.7755575615628914e-17 -0.5000000000000003 6.928203230275496
H 0.2500000000000001 -0.43301270189221974 -20.99999999999997 0.43301270189221974 0.2500000000000001 8.660254037844375
H1 0.2500000000000001 0.43301270189221963 -22.49999999999997 0.43301270189221963 -0.2500000000000001 7.794228634059936
H 0.25000000000000017 -0.4330127018922198 -17.99999999999997 0.4330127018922198 0.25000000000000017 12.124355652982135
H 0.2500000000000002 -0.4330127018922197 -20.999999999999975 0.4330127018922197 0.2500000000000002 12.124355652982135
H 0.2500000000000003 0.43301270189221974 -19.499999999999975 -0.43301270189221974 0.2500000000000003 11.258330249197696
H1 0.2500000000000002 -0.4330127018922197 -19.499999999999975 -0.4330127018922197 -0.2500000000000002 12.990381056766575
T -0.24999999999999994 -0.4330127018922194 -20.99999999999997 0.4330127018922194 -0.24999999999999994 10.392304845413253
P -0.5000000000000004 -5.551115123125783e-17 -19.49999999999997 5.551115123125783e-17 -0.5000000000000004 14.722431864335453
P -0.25000000000000017 -0.43301270189221974 -17.99999999999997 0.43301270189221974 -0.25000000000000017 13.856406460551014
F -0.5000000000000003 -1.1102230246251565e-16 -23.99999999999997 1.1102230246251565e-16 -0.5000000000000003 15.58845726811989
F -0.25000000000000006 -0.43301270189221963 -22.49999999999997 0.43301270189221963 -0.25000000000000006 14.722431864335451
P 0.2500000000000001 0.4330127018922197 -25.499999999999975 -0.4330127018922197 0.2500000000000001 11.258330249197694
P -0.2500000000000002 0.4330127018922196 -25.499999999999975 -0.4330127018922196 -0.2500000000000002 12.990381056766573
F 0.2500000000000002 0.43301270189221963 -23.999999999999975 -0.43301270189221963 0.2500000000000002 6.928203230275496
F -0.2500000000000001 0.43301270189221963 -23.999999999999975 -0.43301270189221963 -0.2500000000000001 8.660254037844375
P -0.25000000000000006 0.43301270189221974 -19.49999999999997 -0.43301270189221974 -0.25000000000000006 7.794228634059937
P -0.5000000000000003 1.6653345369377348e-16 -17.99999999999997 -1.6653345369377348e-16 -0.5000000000000003 8.660254037844377
F 0.2500000000000002 -0.43301270189221963 -16.49999999999997 0.43301270189221963 0.2500000000000002 11.258330249197696
F 0.5000000000000003 2.7755575615628914e-17 -17.99999999999997 -2.7755575615628914e-17 0.5000000000000003 10.392304845413257
H -0.2500000000000001 0.4330127018922192 -17.99999999999998 -0.4330127018922192 -0.2500000000000001 6.928203230275513
H -0.2500000000000001 0.4330127018922191 -14.999999999999979 -0.4330127018922191 -0.2500000000000001 6.928203230275511
H -0.24999999999999983 -0.43301270189221935 -16.49999999999998 0.43301270189221935 -0.24999999999999983 7.79422863405995
H1 -0.24999999999999978 0.4330127018922193 -16.49999999999998 0.4330127018922193 0.24999999999999978 6.062177826491074
F -0.2500000000000002 0.4330127018922196 -29.999999999999975 -0.4330127018922196 -0.2500000000000002 10.392304845413253
F -0.5000000000000003 -5.551115123125783e-17 -28.499999999999975 5.551115123125783e-17 -0.5000000000000003 11.258330249197693
H -0.2500000000000002 0.43301270189221963 -28.49999999999998 -0.43301270189221963 -0.2500000000000002 9.526279441628814
H -0.2500000000000003 0.4330127018922195 -25.499999999999975 -0.4330127018922195 -0.2500000000000003 9.526279441628812
H -0.2500000000000001 -0.4330127018922197 -26.999999999999975 0.4330127018922197 -0.2500000000000001 10.392304845413252
H1 -0.25000000000000006 0.43301270189221963 -26.99999999999998 0.43301270189221963 0.25000000000000006 8.660254037844375
P 0.5000000000000003 5.551115123125783e-17 -26.999999999999975 -5.551115123125783e-17 0.5000000000000003 6.928203230275496
P 0.2500000000000001 0.43301270189221963 -28.499999999999975 -0.43301270189221963 0.2500000000000001 7.794228634059936
H 0.2500000000000002 0.43301270189221974 -26.999999999999975 -0.43301270189221974 0.2500000000000002 3.4641016151377397
H 0.2500000000000001 0.43301270189221974 -25.499999999999975 -0.43301270189221974 0.2500000000000001 6.062177826491057
H -0.5000000000000004 -5.551115123125783e-17 -26.999999999999975 5.551115123125783e-17 -0.5000000000000004 5.196152422706618
H1 -0.5000000000000003 8.326672684688674e-17 -25.499999999999975 8.326672684688674e-17 0.5000000000000003 4.3301270189221786
F 0.2500000000000003 -0.43301270189221963 -23.999999999999975 0.43301270189221963 0.2500000000000003 3.4641016151377393
F 0.5000000000000003 8.326672684688674e-17 -25.499999999999975 -8.326672684688674e-17 0.5000000000000003 2.5980762113533005
F -0.24999999999999992 0.43301270189221897 -26.99999999999998 -0.43301270189221897 -0.24999999999999992 5.10702591327572e-15
F -0.4999999999999996 -8.326672684688674e-17 -25.49999999999998 8.326672684688674e-17 -0.4999999999999996 0.8660254037844429
H -0.24999999999999986 0.43301270189221913 -25.499999999999982 -0.43301270189221913 -0.24999999999999986 -0.8660254037844339
H -0.2499999999999999 0.43301270189221897 -22.499999999999986 -0.43301270189221897 -0.2499999999999999 -0.8660254037844346
H -0.24999999999999983 -0.43301270189221913 -23.999999999999982 0.43301270189221913 -0.24999999999999983 2.6645352591003757e-15
H1 -0.24999999999999978 0.4330127018922191 -23.999999999999986 0.4330127018922191 0.24999999999999978 -1.7320508075688725
P 0.49999999999999967 8.326672684688674e-17 -23.999999999999982 -8.326672684688674e-17 0.49999999999999967 -3.4641016151377486
P 0.24999999999999975 0.4330127018922191 -25.499999999999982 -0.4330127018922191 0.24999999999999975 -2.5980762113533107
H 0.2499999999999999 0.43301270189221913 -23.999999999999986 -0.43301270189221913 0.2499999999999999 -6.9282032302755
H 0.24999999999999983 0.4330127018922191 -22.499999999999986 -0.4330127018922191 0.24999999999999983 -4.330127018922186
H -0.49999999999999983 0 -23.999999999999986 0 -0.49999999999999983 -5.196152422706624
H1 -0.4999999999999997 2.7755575615628914e-17 -22.499999999999986 2.7755575615628914e-17 0.4999999999999997 -6.062177826491062
F 0.24999999999999972 0.4330127018922191 -25.499999999999982 -0.4330127018922191 0.24999999999999972 -7.794228634059938
F -0.24999999999999992 0.43301270189221897 -25.499999999999982 -0.43301270189221897 -0.24999999999999992 -6.062177826491062
F 0.24999999999999997 -0.43301270189221897 -20.999999999999986 0.43301270189221897 0.24999999999999997 -6.928203230275501
F 0.49999999999999967 1.3877787807814457e-16 -22.499999999999986 -1.3877787807814457e-16 0.49999999999999967 -7.794228634059938
F 0.4999999999999999 2.7755575615628914e-16 -13.499999999999988 -2.7755575615628914e-16 0.4999999999999999 -6.062177826491066
F 0.2499999999999997 0.4330127018922193 -14.999999999999986 -0.4330127018922193 0.2499999999999997 -5.196152422706627
H 0.5 2.220446049250313e-16 -13.499999999999988 -2.220446049250313e-16 0.5 -4.33012701892219
H 0.4999999999999999 3.0531133177191805e-16 -14.999999999999986 -3.0531133177191805e-16 0.4999999999999999 -1.7320508075688732
H -0.2500000000000002 0.4330127018922192 -14.999999999999986 -0.4330127018922192 -0.2500000000000002 -3.46410161513775
H1 -0.2500000000000002 -0.4330127018922191 -13.499999999999986 -0.4330127018922191 0.2500000000000002 -2.5980762113533125
P -0.24999999999999975 -0.43301270189221935 -11.999999999999986 0.43301270189221935 -0.24999999999999975 -1.732050807568875
P 0.2500000000000001 -0.4330127018922191 -11.999999999999986 0.4330127018922191 0.2500000000000001 -3.4641016151377517
H 0.25000000000000017 -0.43301270189221913 -8.999999999999986 0.43301270189221913 0.25000000000000017 4.440892098500626e-16
H 0.2500000000000002 -0.433012701892219 -11.999999999999986 0.433012701892219 0.2500000000000002 2.4424906541753444e-15
H 0.24999999999999972 0.4330127018922194 -10.499999999999986 -0.4330127018922194 0.24999999999999972 -0.8660254037844366
H1 0.24999999999999967 -0.43301270189221935 -10.499999999999986 -0.43301270189221935 -0.24999999999999967 0.8660254037844399
F -0.4999999999999999 -3.0531133177191805e-16 -10.499999999999984 3.0531133177191805e-16 -0.4999999999999999 2.598076211353316
F -0.24999999999999967 -0.43301270189221935 -8.999999999999986 0.43301270189221935 -0.24999999999999967 1.7320508075688767
F 0.49999999999999983 4.440892098500626e-16 -5.999999999999987 -4.440892098500626e-16 0.49999999999999983 1.7320508075688745
F 0.24999999999999953 0.43301270189221935 -7.499999999999985 -0.43301270189221935 0.24999999999999953 2.5980762113533142
H 0.5 2.7755575615628914e-16 -5.999999999999985 -2.7755575615628914e-16 0.5 3.464101615137751
H 0.4999999999999999 3.608224830031759e-16 -7.499999999999982 -3.608224830031759e-16 0.4999999999999999 6.062177826491068
H -0.2500000000000003 0.43301270189221913 -7.499999999999982 -0.43301270189221913 -0.2500000000000003 4.330127018922191
H1 -0.2500000000000002 -0.4330127018922191 -5.999999999999983 -0.4330127018922191 0.2500000000000002 5.1961524227066285
P -0.2499999999999996 -0.43301270189221946 -4.499999999999983 0.43301270189221946 -0.2499999999999996 6.062177826491065
P 0.25000000000000033 -0.4330127018922191 -4.499999999999984 0.4330127018922191 0.25000000000000033 4.330127018922187
H 0.25000000000000033 -0.4330127018922192 -1.4999999999999818 0.4330127018922192 0.25000000000000033 7.794228634059939
H 0.25000000000000033 -0.4330127018922191 -4.499999999999982 0.4330127018922191 0.25000000000000033 7.794228634059942
H 0.2499999999999997 0.4330127018922196 -2.9999999999999827 -0.4330127018922196 0.2499999999999997 6.928203230275503
H1 0.24999999999999964 -0.4330127018922195 -2.9999999999999813 -0.4330127018922195 -0.24999999999999964 8.66025403784438
F 0.25000000000000033 -0.43301270189221897 1.6764367671839864e-14 0.43301270189221897 0.25000000000000033 6.928203230275499
F 0.49999999999999983 4.440892098500626e-16 -1.4999999999999836 -4.440892098500626e-16 0.49999999999999983 6.062177826491062
F -0.49999999999999994 -4.996003610813204e-16 -2.9999999999999796 4.996003610813204e-16 -0.49999999999999994 10.392304845413255
F -0.24999999999999953 -0.4330127018922195 -1.4999999999999805 0.4330127018922195 -0.24999999999999953 9.526279441628816
F 0.2499999999999998 0.43301270189221924 -16.499999999999975 -0.43301270189221924 0.2499999999999998 14.722431864335453
F -0.25 0.4330127018922191 -16.499999999999975 -0.4330127018922191 -0.25 16.45448267190433
H 0.2499999999999999 0.4330127018922193 -14.999999999999977 -0.4330127018922193 0.2499999999999999 15.58845726811989
H 0.2499999999999998 0.4330127018922193 -13.499999999999975 -0.4330127018922193 0.2499999999999998 18.186533479473205
H -0.4999999999999999 -1.1102230246251565e-16 -14.999999999999975 1.1102230246251565e-16 -0.4999999999999999 17.320508075688767
H1 -0.4999999999999999 1.3877787807814457e-16 -13.499999999999977 1.3877787807814457e-16 0.4999999999999999 16.45448267190433
P 0.24999999999999997 -0.43301270189221913 -11.999999999999977 0.43301270189221913 0.24999999999999997 15.58845726811989
P 0.49999999999999983 5.551115123125783e-17 -13.499999999999977 -5.551115123125783e-17 0.49999999999999983 14.722431864335453
H 0.49999999999999994 8.326672684688674e-17 -8.999999999999979 -8.326672684688674e-17 0.49999999999999994 13.856406460551012
H 0.49999999999999983 1.6653345369377348e-16 -10.499999999999977 -1.6653345369377348e-16 0.49999999999999983 16.45448267190433
H -0.25000000000000006 0.4330127018922192 -10.499999999999977 -0.4330127018922192 -0.25000000000000006 14.722431864335451
H1 -0.25000000000000006 -0.43301270189221913 -8.999999999999979 -0.43301270189221913 0.25000000000000006 15.588457268119889
F -0.2499999999999998 -0.4330127018922193 -7.499999999999979 0.4330127018922193 -0.2499999999999998 16.454482671904326
F 0.25000000000000006 -0.43301270189221913 -7.49999999999998 0.43301270189221913 0.25000000000000006 14.722431864335451
F -0.25 -0.4330127018922193 -17.99999999999997 0.4330127018922193 -0.25 19.052558883257646
F 0.24999999999999994 -0.4330127018922193 -17.99999999999997 0.4330127018922193 0.24999999999999994 17.32050807568877
H -0.2500000000000002 -0.4330127018922193 -19.49999999999997 0.4330127018922193 -0.2500000000000002 18.18653347947321
H -0.2500000000000001 -0.4330127018922193 -20.99999999999997 0.4330127018922193 -0.2500000000000001 15.588457268119893
H 0.5000000000000001 -1.3877787807814457e-16 -19.49999999999997 1.3877787807814457e-16 0.5000000000000001 16.454482671904334
H1 0.5 1.1102230246251565e-16 -20.99999999999997 1.1102230246251565e-16 -0.5 17.32050807568877
P -0.24999999999999997 0.4330127018922194 -22.49999999999997 -0.4330127018922194 -0.24999999999999997 18.18653347947321
P -0.5 8.326672684688674e-17 -20.99999999999997 -8.326672684688674e-17 -0.5 19.05255888325765
H -0.5000000000000002 1.1102230246251565e-16 -25.49999999999997 -1.1102230246251565e-16 -0.5000000000000002 19.918584287042084
H -0.5000000000000001 2.7755575615628914e-17 -23.99999999999997 -2.7755575615628914e-17 -0.5000000000000001 17.320508075688767
H 0.25 -0.4330127018922195 -23.99999999999997 0.4330127018922195 0.25 19.052558883257646
H1 0.25 0.4330127018922194 -25.49999999999997 0.4330127018922194 -0.25 18.186533479473205
F -0.5 2.7755575615628914e-17 -25.49999999999997 -2.7755575615628914e-17 -0.5 21.650635094610966
F -0.25 -0.4330127018922193 -23.99999999999997 0.4330127018922193 -0.25 20.784609690826525
F 0.25 0.4330127018922194 -26.99999999999997 -0.4330127018922194 0.25 17.32050807568877
F -0.25000000000000006 0.43301270189221935 -26.99999999999997 -0.43301270189221935 -0.25000000000000006 19.052558883257646
F 0.24999999999999947 0.4330127018922191 -8.999999999999995 -0.4330127018922191 0.24999999999999947 -12.124355652982135
F -0.25000000000000006 0.43301270189221874 -8.999999999999993 -0.43301270189221874 -0.25000000000000006 -10.392304845413259
H 0.24999999999999967 0.4330127018922192 -7.4999999999999964 -0.4330127018922192 0.24999999999999967 -11.258330249197698
H 0.24999999999999953 0.43301270189221913 -5.9999999999999964 -0.43301270189221913 0.24999999999999953 -8.660254037844386
H -0.49999999999999967 -2.498001805406602e-16 -7.499999999999995 2.498001805406602e-16 -0.49999999999999967 -9.526279441628823
H1 -0.49999999999999956 2.7755575615628914e-16 -5.999999999999997 2.7755575615628914e-16 0.49999999999999956 -10.39230484541326
P 0.2500000000000001 -0.43301270189221885 -4.499999999999999 0.43301270189221885 0.2500000000000001 -11.2583302491977
P 0.4999999999999996 3.0531133177191805e-16 -5.999999999999998 -3.0531133177191805e-16 0.4999999999999996 -12.124355652982137
H 0.4999999999999997 2.220446049250313e-16 -1.5000000000000027 -2.220446049250313e-16 0.4999999999999997 -12.990381056766578
H 0.4999999999999996 3.0531133177191805e-16 -3 -3.0531133177191805e-16 0.4999999999999996 -10.392304845413264
H -0.25000000000000006 0.43301270189221897 -3.0000000000000004 -0.43301270189221897 -0.25000000000000006 -12.124355652982139
H1 -0.25000000000000006 -0.43301270189221885 -1.5000000000000018 -0.43301270189221885 0.25000000000000006 -11.258330249197703
F 0.49999999999999956 3.608224830031759e-16 -1.5000000000000038 -3.608224830031759e-16 0.49999999999999956 -14.722431864335453
F 0.24999999999999947 0.4330127018922191 -3.0000000000000018 -0.4330127018922191 0.24999999999999947 -13.856406460551016
F -0.24999999999999947 -0.4330127018922192 -2.220446049250313e-15 0.4330127018922192 -0.24999999999999947 -10.392304845413266
F 0.2500000000000001 -0.4330127018922188 -3.3306690738754696e-15 0.4330127018922188 0.2500000000000001 -12.124355652982143
H 0.4999999999999996 3.885780586188048e-16 -2.9999999999999973 -3.885780586188048e-16 0.4999999999999996 -6.928203230275509
H 0.49999999999999956 4.718447854656915e-16 -4.499999999999994 -4.718447854656915e-16 0.49999999999999956 -4.330127018922194
H -0.25000000000000017 0.4330127018922188 -4.499999999999995 -0.4330127018922188 -0.25000000000000017 -6.0621778264910695
H1 -0.2500000000000001 -0.43301270189221874 -2.9999999999999956 -0.43301270189221874 0.2500000000000001 -5.196152422706633
H 0.4999999999999996 2.7755575615628914e-16 -4.499999999999991 -2.7755575615628914e-16 0.4999999999999996 -2.5980762113533173
H 0.49999999999999956 3.608224830031759e-16 -5.999999999999989 -3.608224830031759e-16 0.49999999999999956 -2.6645352591003757e-15
H -0.25000000000000006 0.43301270189221885 -5.999999999999989 -0.43301270189221885 -0.25000000000000006 -1.732050807568878
H1 -0.2500000000000001 -0.43301270189221874 -4.499999999999991 -0.43301270189221874 0.2500000000000001 -0.8660254037844415
H -0.2500000000000001 0.4330127018922189 -8.99999999999999 -0.4330127018922189 -0.2500000000000001 -5.196152422706632
H -0.25000000000000017 0.43301270189221874 -5.999999999999991 -0.43301270189221874 -0.25000000000000017 -5.196152422706634
H -0.24999999999999953 -0.43301270189221924 -7.499999999999989 0.43301270189221924 -0.24999999999999953 -4.330127018922196
H1 -0.24999999999999947 0.4330127018922192 -7.49999999999999 0.4330127018922192 0.24999999999999947 -6.062177826491071
T 0.24999999999999922 0.4330127018922189 -5.999999999999991 -0.4330127018922189 0.24999999999999922 -3.4641016151377535
P 0.49999999999999967 4.163336342344337e-16 -7.499999999999993 -4.163336342344337e-16 0.49999999999999967 -7.794228634059945
P 0.24999999999999947 0.43301270189221924 -8.999999999999991 -0.43301270189221924 0.24999999999999947 -6.928203230275506
F 0.49999999999999956 4.718447854656915e-16 -2.9999999999999987 -4.718447854656915e-16 0.49999999999999956 -8.660254037844384
F 0.24999999999999936 0.43301270189221913 -4.4999999999999964 -0.43301270189221913 0.24999999999999936 -7.794228634059944
P -0.2499999999999994 -0.4330127018922192 -1.499999999999997 0.4330127018922192 -0.2499999999999994 -4.330127018922196
P 0.2500000000000001 -0.43301270189221874 -1.4999999999999984 0.43301270189221874 0.2500000000000001 -6.062177826491072
F -0.24999999999999953 -0.43301270189221913 -2.9999999999999907 0.43301270189221913 -0.24999999999999953 -4.884981308350689e-15
F 0.25000000000000006 -0.4330127018922188 -2.999999999999992 0.4330127018922188 0.25000000000000006 -1.7320508075688807
P 0.24999999999999997 -0.43301270189221885 -7.499999999999987 0.43301270189221885 0.24999999999999997 -0.8660254037844397
P 0.49999999999999956 1.942890293094024e-16 -8.999999999999986 -1.942890293094024e-16 0.49999999999999956 -1.7320508075688772
F -0.25000000000000017 0.4330127018922188 -10.499999999999986 -0.4330127018922188 -0.25000000000000017 -4.330127018922192
F -0.49999999999999956 -3.885780586188048e-16 -8.999999999999986 3.885780586188048e-16 -0.49999999999999956 -3.4641016151377553
F 0.2500000000000002 -0.43301270189221885 3.000000000000001 0.43301270189221885 0.2500000000000002 -3.4641016151377637
F 0.49999999999999967 4.163336342344337e-16 1.5000000000000013 -4.163336342344337e-16 0.49999999999999967 -4.330127018922201
H 0.2500000000000002 -0.4330127018922189 1.500000000000003 0.4330127018922189 0.2500000000000002 -2.598076211353324
H 0.2500000000000002 -0.4330127018922188 -1.4999999999999951 0.4330127018922188 0.2500000000000002 -2.598076211353321
H 0.24999999999999947 0.4330127018922193 3.1086244689504383e-15 -0.4330127018922193 0.24999999999999947 -3.4641016151377597
H1 0.24999999999999942 -0.43301270189221924 4.884981308350689e-15 -0.43301270189221924 -0.24999999999999942 -1.7320508075688843
P -0.49999999999999967 -4.163336342344337e-16 6.439293542825908e-15 4.163336342344337e-16 -0.49999999999999967 -8.548717289613705e-15
P -0.24999999999999947 -0.43301270189221924 1.5000000000000049 0.43301270189221924 -0.24999999999999947 -0.8660254037844478
H -0.24999999999999956 -0.43301270189221935 9.43689570931383e-15 0.43301270189221935 -0.24999999999999956 3.464101615137743
H -0.24999999999999942 -0.4330127018922193 -1.4999999999999925 0.4330127018922193 -0.24999999999999942 0.8660254037844304
H 0.4999999999999998 4.440892098500626e-16 7.105427357601002e-15 -4.440892098500626e-16 0.4999999999999998 1.7320508075688674
H1 0.49999999999999967 -4.718447854656915e-16 -1.4999999999999907 -4.718447854656915e-16 -0.49999999999999967 2.5980762113533067
F -0.2500000000000003 0.43301270189221885 -2.999999999999989 -0.43301270189221885 -0.2500000000000003 3.4641016151377455
F -0.49999999999999967 -4.718447854656915e-16 -1.499999999999989 4.718447854656915e-16 -0.49999999999999967 4.330127018922183
H 0.25000000000000044 -0.4330127018922188 9.000000000000005 0.4330127018922188 0.25000000000000044 5.196152422706606
H 0.25000000000000044 -0.43301270189221863 6.000000000000007 0.43301270189221863 0.25000000000000044 5.196152422706611
H 0.24999999999999925 0.43301270189221946 7.500000000000005 -0.43301270189221946 0.24999999999999925 4.3301270189221714
H1 0.2499999999999992 -0.4330127018922194 7.500000000000007 -0.4330127018922194 -0.2499999999999992 6.062177826491046
H 0.25000000000000033 -0.43301270189221885 4.500000000000009 0.43301270189221885 0.25000000000000033 6.062177826491052
H 0.25000000000000033 -0.43301270189221874 1.500000000000011 0.43301270189221874 0.25000000000000033 6.062177826491055
H 0.2499999999999994 0.43301270189221935 3.0000000000000093 -0.43301270189221935 0.2499999999999994 5.196152422706616
H1 0.24999999999999933 -0.4330127018922193 3.0000000000000115 -0.4330127018922193 -0.24999999999999933 6.928203230275492
H 0.24999999999999942 0.43301270189221946 4.500000000000006 -0.43301270189221946 0.24999999999999942 0.8660254037844235
H 0.24999999999999928 0.4330127018922194 6.000000000000009 -0.4330127018922194 0.24999999999999928 3.4641016151377366
H -0.4999999999999998 -6.106226635438361e-16 4.500000000000009 6.106226635438361e-16 -0.4999999999999998 2.5980762113532996
H1 -0.4999999999999997 6.38378239159465e-16 6.000000000000007 6.38378239159465e-16 0.4999999999999997 1.7320508075688599
T 0.49999999999999933 7.216449660063513e-16 4.500000000000007 -7.216449660063513e-16 0.49999999999999933 4.330127018922177
P 0.25000000000000044 -0.43301270189221874 7.500000000000004 0.43301270189221874 0.25000000000000044 0.8660254037844193
P 0.4999999999999997 6.661338147750939e-16 6.0000000000000036 -6.661338147750939e-16 0.4999999999999997 -1.687538997430238e-14
F 0.25000000000000044 -0.43301270189221863 10.500000000000002 0.43301270189221863 0.25000000000000044 4.330127018922167
F 0.4999999999999996 7.216449660063518e-16 9.000000000000002 -7.216449660063518e-16 0.4999999999999996 3.4641016151377313
P -0.49999999999999967 -7.216449660063518e-16 7.500000000000009 7.216449660063518e-16 -0.49999999999999967 7.794228634059923
P -0.2499999999999992 -0.4330127018922194 9.000000000000007 0.4330127018922194 -0.2499999999999992 6.928203230275483
F -0.49999999999999967 -5.736152293896643e-16 3.0000000000000133 5.736152293896643e-16 -0.49999999999999967 8.66025403784437
F -0.24999999999999933 -0.4330127018922193 4.5000000000000115 0.4330127018922193 -0.24999999999999933 7.794228634059929
P -0.24999999999999942 -0.4330127018922193 1.5000000000000093 0.4330127018922193 -0.24999999999999942 4.33012701892218
P 0.2500000000000002 -0.4330127018922188 1.5000000000000078 0.4330127018922188 0.2500000000000002 2.5980762113533036
F 0.24999999999999925 0.43301270189221946 3.000000000000006 -0.43301270189221946 0.24999999999999925 -1.2212453270876722e-14
F -0.2500000000000005 0.43301270189221874 3.000000000000009 -0.43301270189221874 -0.2500000000000005 1.7320508075688643
F -0.2499999999999991 -0.4330127018922193 9.000000000000014 0.4330127018922193 -0.2499999999999991 12.124355652982112
F 0.2500000000000004 -0.4330127018922185 9.00000000000001 0.4330127018922185 0.2500000000000004 10.392304845413236
H -0.2499999999999993 -0.4330127018922194 7.500000000000014 0.4330127018922194 -0.2499999999999993 11.258330249197677
H -0.24999999999999917 -0.43301270189221935 6.0000000000000115 0.43301270189221935 -0.24999999999999917 8.660254037844366
H 0.49999999999999967 6.938893903907228e-16 7.500000000000011 -6.938893903907228e-16 0.49999999999999967 9.526279441628802
H1 0.4999999999999996 -7.216449660063518e-16 6.000000000000014 -7.216449660063518e-16 -0.4999999999999996 10.392304845413243
P -0.25000000000000044 0.43301270189221863 4.500000000000017 -0.43301270189221863 -0.25000000000000044 11.25833024919768
P -0.4999999999999996 -7.216449660063518e-16 6.000000000000017 7.216449660063518e-16 -0.4999999999999996 12.124355652982118
H -0.4999999999999998 -6.38378239159465e-16 1.5000000000000224 6.38378239159465e-16 -0.4999999999999998 12.990381056766562
H -0.49999999999999967 -7.216449660063518e-16 3.0000000000000173 7.216449660063518e-16 -0.49999999999999967 10.392304845413246
H 0.25000000000000044 -0.43301270189221874 3.000000000000019 0.43301270189221874 0.25000000000000044 12.124355652982121
H1 0.25000000000000044 0.4330127018922187 1.5000000000000195 0.4330127018922187 -0.25000000000000044 11.258330249197687
F -0.49999999999999956 -7.771561172376096e-16 1.5000000000000244 7.771561172376096e-16 -0.49999999999999956 14.722431864335439
F -0.2499999999999991 -0.4330127018922193 3.0000000000000218 0.4330127018922193 -0.2499999999999991 13.856406460551
F 0.2499999999999991 0.4330127018922194 1.9095836023552692e-14 -0.4330127018922194 0.2499999999999991 10.39230484541325
F -0.2500000000000005 0.4330127018922186 2.19824158875781e-14 -0.4330127018922186 -0.2500000000000005 12.124355652982127
H 0.4999999999999998 4.718447854656915e-16 23.999999999999968 -4.718447854656915e-16 0.4999999999999998 -13.856406460551039
H 0.49999999999999967 5.551115123125783e-16 22.49999999999997 -5.551115123125783e-16 0.49999999999999967 -11.258330249197723
H -0.25000000000000033 0.43301270189221885 22.49999999999997 -0.43301270189221885 -0.25000000000000033 -12.990381056766598
H1 -0.25000000000000033 -0.4330127018922188 23.99999999999997 -0.4330127018922188 0.25000000000000033 -12.124355652982162
H 0.4999999999999998 3.608224830031759e-16 22.499999999999975 -3.608224830031759e-16 0.4999999999999998 -9.526279441628846
H 0.49999999999999967 4.440892098500626e-16 20.99999999999998 -4.440892098500626e-16 0.49999999999999967 -6.92820323027553
H -0.2500000000000002 0.43301270189221897 20.99999999999998 -0.43301270189221897 -0.2500000000000002 -8.660254037844407
H1 -0.2500000000000002 -0.43301270189221885 22.49999999999998 -0.43301270189221885 0.2500000000000002 -7.794228634059969
H -0.2500000000000003 0.433012701892219 17.99999999999998 -0.433012701892219 -0.2500000000000003 -12.12435565298216
H -0.2500000000000003 0.4330127018922189 20.99999999999998 -0.4330127018922189 -0.2500000000000003 -12.124355652982162
H -0.24999999999999953 -0.4330127018922194 19.49999999999998 0.4330127018922194 -0.24999999999999953 -11.258330249197723
H1 -0.24999999999999947 0.43301270189221935 19.49999999999998 0.43301270189221935 0.24999999999999947 -12.9903810567666
T 0.24999999999999922 0.4330127018922191 20.99999999999998 -0.4330127018922191 0.24999999999999922 -10.392304845413284
P 0.4999999999999998 4.996003610813204e-16 19.499999999999975 -4.996003610813204e-16 0.4999999999999998 -14.722431864335476
P 0.24999999999999944 0.4330127018922194 17.999999999999975 -0.4330127018922194 0.24999999999999944 -13.856406460551037
F 0.49999999999999967 5.551115123125783e-16 23.999999999999968 -5.551115123125783e-16 0.49999999999999967 -15.588457268119916
F 0.24999999999999936 0.4330127018922193 22.49999999999997 -0.4330127018922193 0.24999999999999936 -14.722431864335475
P -0.2499999999999994 -0.43301270189221935 25.49999999999997 0.43301270189221935 -0.2499999999999994 -11.258330249197726
P 0.25000000000000033 -0.4330127018922188 25.49999999999997 0.4330127018922188 0.25000000000000033 -12.990381056766601
F -0.24999999999999953 -0.4330127018922193 23.999999999999975 0.4330127018922193 -0.24999999999999953 -6.928203230275534
F 0.25000000000000017 -0.43301270189221885 23.999999999999975 0.43301270189221885 0.25000000000000017 -8.66025403784441
P 0.2500000000000001 -0.43301270189221897 19.49999999999998 0.43301270189221897 0.2500000000000001 -7.794228634059968
P 0.4999999999999997 2.498001805406602e-16 17.99999999999998 -2.498001805406602e-16 0.4999999999999997 -8.660254037844405
F -0.25000000000000033 0.43301270189221885 16.49999999999998 -0.43301270189221885 -0.25000000000000033 -11.258330249197721
F -0.4999999999999997 -4.996003610813204e-16 17.99999999999998 4.996003610813204e-16 -0.4999999999999997 -10.392304845413284
H 0.4999999999999997 6.938893903907228e-16 20.99999999999998 -6.938893903907228e-16 0.4999999999999997 -3.464101615137778
H 0.49999999999999967 7.771561172376096e-16 19.499999999999986 -7.771561172376096e-16 0.49999999999999967 -0.8660254037844615
H -0.2500000000000005 0.43301270189221874 19.499999999999982 -0.43301270189221874 -0.2500000000000005 -2.5980762113533373
H1 -0.25000000000000044 -0.43301270189221863 20.999999999999982 -0.43301270189221863 0.25000000000000044 -1.7320508075689016
H 0.4999999999999997 5.828670879282072e-16 19.49999999999999 -5.828670879282072e-16 0.4999999999999997 0.8660254037844145
H 0.49999999999999967 6.661338147750939e-16 17.999999999999996 -6.661338147750939e-16 0.49999999999999967 3.4641016151377304
H -0.2500000000000004 0.43301270189221874 17.999999999999993 -0.43301270189221874 -0.2500000000000004 1.732050807568855
H1 -0.25000000000000033 -0.4330127018922187 19.499999999999993 -0.4330127018922187 0.25000000000000033 2.5980762113532907
H -0.25000000000000044 0.43301270189221885 14.999999999999991 -0.43301270189221885 -0.25000000000000044 -1.732050807568897
H -0.25000000000000044 0.43301270189221874 17.99999999999999 -0.43301270189221874 -0.25000000000000044 -1.7320508075689014
H -0.2499999999999993 -0.43301270189221946 16.499999999999993 0.43301270189221946 -0.2499999999999993 -0.8660254037844619
H1 -0.24999999999999925 0.4330127018922194 16.49999999999999 0.4330127018922194 0.24999999999999925 -2.5980762113533373
T 0.249999999999999 0.43301270189221913 17.999999999999993 -0.43301270189221913 0.249999999999999 -2.120525977034049e-14
P 0.4999999999999998 7.216449660063518e-16 16.499999999999986 -7.216449660063518e-16 0.4999999999999998 -4.330127018922214
P 0.24999999999999925 0.4330127018922195 14.999999999999988 -0.4330127018922195 0.24999999999999925 -3.464101615137773
F 0.49999999999999967 7.771561172376096e-16 20.99999999999998 -7.771561172376096e-16 0.49999999999999967 -5.196152422706654
F 0.24999999999999917 0.4330127018922194 19.499999999999982 -0.4330127018922194 0.24999999999999917 -4.330127018922214
P -0.24999999999999917 -0.4330127018922194 22.499999999999986 0.4330127018922194 -0.24999999999999917 -0.8660254037844661
P 0.25000000000000044 -0.43301270189221863 22.499999999999982 0.43301270189221863 0.25000000000000044 -2.598076211353342
F -0.2499999999999993 -0.43301270189221935 20.999999999999996 0.43301270189221935 -0.2499999999999993 3.464101615137727
F 0.25000000000000033 -0.43301270189221874 20.999999999999993 0.43301270189221874 0.25000000000000033 1.7320508075688505
P 0.2500000000000002 -0.43301270189221874 16.499999999999993 0.43301270189221874 0.2500000000000002 2.5980762113532943
P 0.4999999999999996 4.718447854656915e-16 14.999999999999995 -4.718447854656915e-16 0.4999999999999996 1.7320508075688577
F -0.2500000000000005 0.43301270189221874 13.499999999999996 -0.43301270189221874 -0.2500000000000005 -0.8660254037844568
F -0.4999999999999998 -7.216449660063518e-16 14.999999999999996 7.216449660063518e-16 -0.4999999999999998 -2.0872192862952943e-14
H -0.2500000000000004 0.4330127018922194 7.4999999999999964 -0.4330127018922194 -0.2500000000000004 -9.526279441628835
H -0.25000000000000044 0.4330127018922193 10.499999999999996 -0.4330127018922193 -0.25000000000000044 -9.526279441628837
H -0.24999999999999986 -0.4330127018922197 8.999999999999996 0.4330127018922197 -0.24999999999999986 -8.660254037844398
H1 -0.2499999999999998 0.43301270189221963 8.999999999999996 0.43301270189221963 0.2499999999999998 -10.392304845413275
H -0.2500000000000002 0.43301270189221946 11.999999999999998 -0.43301270189221946 -0.2500000000000002 -10.392304845413278
H -0.2500000000000003 0.43301270189221935 15 -0.43301270189221935 -0.2500000000000003 -10.392304845413278
H -0.24999999999999997 -0.43301270189221963 13.499999999999998 0.43301270189221963 -0.24999999999999997 -9.526279441628839
H1 -0.24999999999999992 0.4330127018922196 13.499999999999998 0.4330127018922196 0.24999999999999992 -11.258330249197718
H -0.25 -0.43301270189221974 11.999999999999996 0.43301270189221974 -0.25 -5.196152422706643
H -0.24999999999999986 -0.4330127018922197 10.499999999999993 0.4330127018922197 -0.24999999999999986 -7.794228634059959
H 0.5000000000000003 2.498001805406602e-16 11.999999999999995 -2.498001805406602e-16 0.5000000000000003 -6.92820323027552
H1 0.5000000000000002 -2.7755575615628914e-16 10.499999999999995 -2.7755575615628914e-16 -0.5000000000000002 -6.06217782649108
T -0.4999999999999999 -3.6082248300317563e-16 11.999999999999998 3.6082248300317563e-16 -0.4999999999999999 -8.6602540378444
P -0.25000000000000044 0.4330127018922194 8.999999999999995 -0.4330127018922194 -0.25000000000000044 -5.19615242270664
P -0.5000000000000002 -3.3306690738754696e-16 10.499999999999996 3.3306690738754696e-16 -0.5000000000000002 -4.330127018922202
F -0.25000000000000044 0.4330127018922193 5.999999999999996 -0.4330127018922193 -0.25000000000000044 -8.660254037844394
F -0.5000000000000002 -3.885780586188048e-16 7.499999999999997 3.885780586188048e-16 -0.5000000000000002 -7.794228634059957
P 0.5000000000000002 3.608224830031759e-16 8.999999999999995 -3.608224830031759e-16 0.5000000000000002 -12.124355652982153
P 0.2499999999999998 0.43301270189221963 7.499999999999995 -0.43301270189221963 0.2499999999999998 -11.258330249197712
F 0.5000000000000002 2.1279274638648827e-16 13.499999999999996 -2.1279274638648827e-16 0.5000000000000002 -12.990381056766596
F 0.24999999999999992 0.4330127018922196 11.999999999999995 -0.4330127018922196 0.24999999999999992 -12.124355652982155
P 0.25 0.4330127018922195 14.999999999999998 -0.4330127018922195 0.25 -8.6602540378444
P -0.25000000000000017 0.4330127018922194 14.999999999999998 -0.4330127018922194 -0.25000000000000017 -6.928203230275523
F -0.24999999999999986 -0.4330127018922197 13.499999999999996 0.4330127018922197 -0.24999999999999986 -4.330127018922205
F 0.25000000000000033 -0.4330127018922194 13.499999999999995 0.4330127018922194 0.25000000000000033 -6.062177826491084
H 0.24999999999999956 0.43301270189221935 16.49999999999998 -0.43301270189221935 0.24999999999999956 -7.794228634059965
H 0.24999999999999942 0.4330127018922193 17.99999999999998 -0.4330127018922193 0.24999999999999942 -5.1961524227066525
H -0.4999999999999998 -4.440892098500626e-16 16.49999999999998 4.440892098500626e-16 -0.4999999999999998 -6.062177826491089
H1 -0.49999999999999967 4.718447854656915e-16 17.99999999999998 4.718447854656915e-16 0.49999999999999967 -6.928203230275528
F 0.24999999999999983 0.4330127018922197 7.49999999999999 -0.4330127018922197 0.24999999999999983 -16.454482671904348
F -0.25000000000000033 0.43301270189221935 7.499999999999991 -0.43301270189221935 -0.25000000000000033 -14.72243186433547
H 0.24999999999999992 0.43301270189221974 8.999999999999991 -0.43301270189221974 0.24999999999999992 -15.58845726811991
H 0.24999999999999978 0.43301270189221974 10.499999999999995 -0.43301270189221974 0.24999999999999978 -12.990381056766594
H -0.5000000000000003 -3.3306690738754696e-16 8.999999999999993 3.3306690738754696e-16 -0.5000000000000003 -13.856406460551032
H1 -0.5000000000000002 3.608224830031759e-16 10.499999999999993 3.608224830031759e-16 0.5000000000000002 -14.722431864335473
P 0.2500000000000004 -0.43301270189221935 11.999999999999993 0.43301270189221935 0.2500000000000004 -15.58845726811991
P 0.5000000000000002 3.0531133177191805e-16 10.499999999999991 -3.0531133177191805e-16 0.5000000000000002 -16.454482671904348
H 0.5000000000000003 2.7755575615628914e-16 14.999999999999991 -2.7755575615628914e-16 0.5000000000000003 -17.320508075688792
H 0.5000000000000002 3.608224830031759e-16 13.499999999999993 -3.608224830031759e-16 0.5000000000000002 -14.722431864335473
H -0.25000000000000044 0.43301270189221946 13.499999999999993 -0.43301270189221946 -0.25000000000000044 -16.45448267190435
H1 -0.25000000000000044 -0.4330127018922194 14.999999999999993 -0.4330127018922194 0.25000000000000044 -15.588457268119912
F -0.24999999999999983 -0.43301270189221974 16.499999999999996 0.43301270189221974 -0.24999999999999983 -14.722431864335473
F 0.25000000000000044 -0.4330127018922194 16.499999999999996 0.4330127018922194 0.25000000000000044 -16.45448267190435
F 0.2499999999999994 0.43301270189221897 17.99999999999997 -0.43301270189221897 0.2499999999999994 -19.052558883257664
F -0.24999999999999997 0.43301270189221863 17.999999999999975 -0.43301270189221863 -0.24999999999999997 -17.32050807568879
H 0.24999999999999956 0.4330127018922191 19.499999999999975 -0.4330127018922191 0.24999999999999956 -18.18653347947323
H 0.24999999999999947 0.4330127018922191 20.999999999999975 -0.4330127018922191 0.24999999999999947 -15.588457268119916
H -0.49999999999999956 -3.0531133177191805e-16 19.499999999999975 3.0531133177191805e-16 -0.49999999999999956 -16.45448267190435
H1 -0.49999999999999956 3.3306690738754696e-16 20.99999999999997 3.3306690738754696e-16 0.49999999999999956 -17.320508075688792
P 0.25000000000000006 -0.43301270189221874 22.499999999999968 0.43301270189221874 0.25000000000000006 -18.186533479473233
P 0.49999999999999956 3.3306690738754696e-16 20.99999999999997 -3.3306690738754696e-16 0.49999999999999956 -19.05255888325767
H 0.4999999999999996 2.7755575615628914e-16 25.499999999999964 -2.7755575615628914e-16 0.4999999999999996 -19.918584287042112
H 0.49999999999999956 3.608224830031759e-16 23.999999999999964 -3.608224830031759e-16 0.49999999999999956 -17.320508075688796
H -0.25000000000000006 0.43301270189221885 23.999999999999964 -0.43301270189221885 -0.25000000000000006 -19.05255888325767
H1 -0.2500000000000001 -0.43301270189221874 25.499999999999964 -0.43301270189221874 0.2500000000000001 -18.186533479473233
F 0.49999999999999944 3.885780586188048e-16 25.499999999999964 -3.885780586188048e-16 0.49999999999999944 -21.650635094610983
F 0.2499999999999994 0.43301270189221897 23.999999999999964 -0.43301270189221897 0.2499999999999994 -20.784609690826546
F -0.2499999999999994 -0.4330127018922191 26.999999999999968 0.4330127018922191 -0.2499999999999994 -17.3205080756888
F 0.2500000000000001 -0.43301270189221863 26.999999999999964 0.43301270189221863 0.2500000000000001 -19.052558883257674
F 0.25000000000000033 -0.43301270189221885 29.99999999999997 0.43301270189221885 0.25000000000000033 -10.392304845413294
F 0.4999999999999997 4.996003610813204e-16 28.49999999999997 -4.996003610813204e-16 0.4999999999999997 -11.258330249197732
H 0.2500000000000004 -0.43301270189221897 28.49999999999997 0.43301270189221897 0.2500000000000004 -9.526279441628855
H 0.2500000000000004 -0.43301270189221885 25.49999999999997 0.43301270189221885 0.2500000000000004 -9.526279441628851
H 0.24999999999999944 0.43301270189221946 26.999999999999968 -0.43301270189221946 0.24999999999999944 -10.392304845413289
H1 0.2499999999999994 -0.4330127018922194 26.99999999999997 -0.4330127018922194 -0.2499999999999994 -8.660254037844414
P -0.4999999999999998 -5.273559366969494e-16 26.999999999999975 5.273559366969494e-16 -0.4999999999999998 -6.928203230275538
P -0.24999999999999944 -0.4330127018922194 28.49999999999997 0.4330127018922194 -0.24999999999999944 -7.794228634059978
H -0.24999999999999947 -0.4330127018922195 26.99999999999998 0.4330127018922195 -0.24999999999999947 -3.464101615137786
H -0.24999999999999933 -0.43301270189221946 25.49999999999998 0.43301270189221946 -0.24999999999999933 -6.062177826491099
H 0.4999999999999999 5.828670879282072e-16 26.99999999999998 -5.828670879282072e-16 0.4999999999999999 -5.196152422706662
H1 0.4999999999999998 -6.106226635438361e-16 25.49999999999998 -6.106226635438361e-16 -0.4999999999999998 -4.330127018922222
F -0.25000000000000044 0.43301270189221885 23.99999999999998 -0.43301270189221885 -0.25000000000000044 -3.464101615137783
F -0.4999999999999998 -6.106226635438361e-16 25.49999999999998 6.106226635438361e-16 -0.4999999999999998 -2.598076211353346
F 0.2500000000000005 -0.43301270189221874 26.999999999999982 0.43301270189221874 0.2500000000000005 -3.3306690738754696e-14
F 0.4999999999999998 7.216449660063518e-16 25.499999999999982 -7.216449660063518e-16 0.4999999999999998 -0.8660254037844692
H 0.25000000000000044 -0.4330127018922189 25.499999999999982 0.4330127018922189 0.25000000000000044 0.8660254037844073
H 0.2500000000000005 -0.4330127018922188 22.499999999999986 0.4330127018922188 0.2500000000000005 0.8660254037844115
H 0.2499999999999994 0.4330127018922195 23.999999999999982 -0.4330127018922195 0.2499999999999994 -2.7977620220553945e-14
H1 0.24999999999999933 -0.43301270189221946 23.999999999999986 -0.43301270189221946 -0.24999999999999933 1.7320508075688479
P -0.49999999999999983 -6.938893903907228e-16 23.99999999999999 6.938893903907228e-16 -0.49999999999999983 3.4641016151377246
P -0.2499999999999993 -0.43301270189221946 25.499999999999986 0.43301270189221946 -0.2499999999999993 2.598076211353284
H -0.24999999999999942 -0.4330127018922196 23.999999999999996 0.4330127018922196 -0.24999999999999942 6.928203230275477
H -0.24999999999999928 -0.4330127018922195 22.499999999999993 0.4330127018922195 -0.24999999999999928 4.330127018922164
H 0.4999999999999999 6.661338147750939e-16 23.999999999999993 -6.661338147750939e-16 0.4999999999999999 5.196152422706601
H1 0.49999999999999983 -6.938893903907228e-16 22.499999999999996 -6.938893903907228e-16 -0.49999999999999983 6.062177826491041
F -0.24999999999999922 -0.43301270189221946 25.499999999999996 0.43301270189221946 -0.24999999999999922 7.794228634059913
F 0.2500000000000005 -0.43301270189221874 25.499999999999993 0.43301270189221874 0.2500000000000005 6.0621778264910375
F -0.2500000000000006 0.43301270189221874 20.999999999999996 -0.43301270189221874 -0.2500000000000006 6.92820323027548
F -0.4999999999999998 -8.049116928532385e-16 22.499999999999996 8.049116928532385e-16 -0.4999999999999998 7.794228634059916
F 0.49999999999999967 3.3306690738754696e-16 10.499999999999995 -3.3306690738754696e-16 0.49999999999999967 -2.5980762113533307
F 0.24999999999999956 0.4330127018922192 8.999999999999996 -0.4330127018922192 0.24999999999999956 -1.7320508075688916
H 0.4999999999999998 3.0531133177191805e-16 10.499999999999996 -3.0531133177191805e-16 0.4999999999999998 -0.8660254037844543
H 0.49999999999999967 3.885780586188048e-16 9 -3.885780586188048e-16 0.49999999999999967 1.7320508075688612
H -0.25000000000000017 0.43301270189221897 8.999999999999998 -0.43301270189221897 -0.25000000000000017 -1.4432899320127035e-14
H1 -0.2500000000000001 -0.43301270189221885 10.499999999999996 -0.43301270189221885 0.2500000000000001 0.8660254037844222
P -0.24999999999999956 -0.4330127018922192 11.999999999999996 0.4330127018922192 -0.24999999999999956 1.732050807568859
P 0.25000000000000006 -0.43301270189221885 11.999999999999995 0.43301270189221885 0.25000000000000006 -1.7208456881689926e-14
H 0.25000000000000017 -0.433012701892219 14.999999999999996 0.433012701892219 0.25000000000000017 3.464101615137732
H 0.25000000000000017 -0.4330127018922189 11.999999999999996 0.4330127018922189 0.25000000000000017 3.464101615137735
H 0.2499999999999996 0.4330127018922193 13.499999999999996 -0.4330127018922193 0.2499999999999996 2.598076211353296
H1 0.24999999999999956 -0.43301270189221924 13.499999999999996 -0.43301270189221924 -0.24999999999999956 4.3301270189221714
F -0.4999999999999997 -3.608224830031759e-16 13.499999999999998 3.608224830031759e-16 -0.4999999999999997 6.062177826491048
F -0.24999999999999956 -0.43301270189221924 14.999999999999996 0.43301270189221924 -0.24999999999999956 5.196152422706609
F -0.49999999999999983 -1.942890293094024e-16 5.9999999999999964 1.942890293094024e-16 -0.49999999999999983 -1.732050807568884
F -0.24999999999999975 -0.43301270189221924 7.499999999999996 0.43301270189221924 -0.24999999999999975 -2.598076211353323
H -0.49999999999999994 -8.326672684688674e-17 5.999999999999996 8.326672684688674e-17 -0.49999999999999994 -3.464101615137761
H -0.49999999999999983 -1.6653345369377348e-16 7.499999999999995 1.6653345369377348e-16 -0.49999999999999983 -6.062177826491077
H 0.25000000000000006 -0.4330127018922192 7.499999999999995 0.4330127018922192 0.25000000000000006 -4.330127018922201
H1 0.25000000000000006 0.43301270189221913 5.999999999999995 0.43301270189221913 -0.25000000000000006 -5.196152422706638
P 0.24999999999999978 0.4330127018922193 4.499999999999995 -0.4330127018922193 0.24999999999999978 -6.062177826491077
P -0.25000000000000006 0.4330127018922191 4.499999999999996 -0.4330127018922191 -0.25000000000000006 -4.3301270189222
H -0.2500000000000001 0.4330127018922193 1.4999999999999951 -0.4330127018922193 -0.2500000000000001 -7.79422863405995
H -0.2500000000000001 0.4330127018922192 4.499999999999995 -0.4330127018922192 -0.2500000000000001 -7.794228634059951
H -0.24999999999999986 -0.4330127018922194 2.999999999999995 0.4330127018922194 -0.24999999999999986 -6.928203230275512
H1 -0.24999999999999983 0.4330127018922193 2.9999999999999947 0.4330127018922193 0.24999999999999983 -8.660254037844389
F -0.2500000000000001 0.4330127018922191 -4.3298697960381105e-15 -0.4330127018922191 -0.2500000000000001 -6.928203230275512
F -0.49999999999999983 -1.942890293094024e-16 1.4999999999999956 1.942890293094024e-16 -0.49999999999999983 -6.062177826491075
F 0.4999999999999999 2.498001805406602e-16 2.9999999999999933 -2.498001805406602e-16 0.4999999999999999 -10.392304845413268
F 0.24999999999999972 0.4330127018922193 1.4999999999999942 -0.4330127018922193 0.24999999999999972 -9.526279441628828
F 0.4999999999999999 6.106226635438361e-16 37.49999999999997 -6.106226635438361e-16 0.4999999999999999 -9.526279441628887
F 0.24999999999999942 0.4330127018922195 35.99999999999997 -0.4330127018922195 0.24999999999999942 -8.660254037844446
H 0.5000000000000001 4.718447854656915e-16 37.49999999999997 -4.718447854656915e-16 0.5000000000000001 -7.794228634060009
H 0.5 5.551115123125783e-16 35.99999999999997 -5.551115123125783e-16 0.5 -5.196152422706691
H -0.25000000000000044 0.4330127018922192 35.99999999999997 -0.4330127018922192 -0.25000000000000044 -6.928203230275568
H1 -0.25000000000000044 -0.4330127018922191 37.49999999999997 -0.4330127018922191 0.25000000000000044 -6.062177826491132
P -0.24999999999999953 -0.43301270189221963 38.99999999999997 0.43301270189221963 -0.24999999999999953 -5.196152422706695
P 0.25000000000000044 -0.4330127018922191 38.99999999999997 0.4330127018922191 0.25000000000000044 -6.928203230275572
H 0.2500000000000005 -0.43301270189221924 41.99999999999998 0.43301270189221924 0.2500000000000005 -3.4641016151378223
H 0.25000000000000056 -0.43301270189221913 38.99999999999998 0.43301270189221913 0.25000000000000056 -3.4641016151378183
H 0.2499999999999996 0.43301270189221974 40.49999999999997 -0.43301270189221974 0.2499999999999996 -4.3301270189222585
H1 0.24999999999999956 -0.4330127018922197 40.49999999999998 -0.4330127018922197 -0.24999999999999956 -2.5980762113533817
F 0.2500000000000005 -0.43301270189221897 43.49999999999997 0.43301270189221897 0.2500000000000005 -4.330127018922262
F 0.4999999999999999 6.106226635438361e-16 41.99999999999997 -6.106226635438361e-16 0.4999999999999999 -5.196152422706699
F -0.5 -6.661338147750939e-16 40.49999999999998 6.661338147750939e-16 -0.5 -0.8660254037845041
F -0.24999999999999942 -0.43301270189221963 41.99999999999998 0.43301270189221963 -0.24999999999999942 -1.7320508075689447
H 0.2500000000000007 -0.43301270189221913 35.999999999999986 0.43301270189221913 0.2500000000000007 -1.7320508075689367
H 0.2500000000000008 -0.433012701892219 32.999999999999986 0.433012701892219 0.2500000000000008 -1.7320508075689316
H 0.24999999999999942 0.43301270189221985 34.49999999999998 -0.43301270189221985 0.24999999999999942 -2.598076211353372
H1 0.24999999999999936 -0.4330127018922198 34.499999999999986 -0.4330127018922198 -0.24999999999999936 -0.8660254037844952
H 0.25000000000000056 -0.4330127018922192 31.499999999999982 0.4330127018922192 0.25000000000000056 -0.8660254037844897
H 0.2500000000000006 -0.4330127018922191 28.499999999999982 0.4330127018922191 0.2500000000000006 -0.8660254037844854
H 0.24999999999999953 0.4330127018922198 29.999999999999982 -0.4330127018922198 0.24999999999999953 -1.7320508075689256
H1 0.24999999999999947 -0.43301270189221974 29.999999999999986 -0.43301270189221974 -0.24999999999999947 -4.8627768478581856e-14
H 0.24999999999999956 0.43301270189221985 31.499999999999975 -0.43301270189221985 0.24999999999999956 -6.062177826491123
H 0.24999999999999947 0.43301270189221985 32.99999999999998 -0.43301270189221985 0.24999999999999947 -3.4641016151378077
H -0.5000000000000002 -6.938893903907228e-16 31.49999999999998 6.938893903907228e-16 -0.5000000000000002 -4.330127018922245
H1 -0.5000000000000002 7.216449660063518e-16 32.99999999999998 7.216449660063518e-16 0.5000000000000002 -5.196152422706686
T 0.4999999999999998 8.04911692853238e-16 31.499999999999975 -8.04911692853238e-16 0.4999999999999998 -2.5980762113533666
P 0.2500000000000008 -0.43301270189221913 34.49999999999997 0.43301270189221913 0.2500000000000008 -6.062177826491128
P 0.5000000000000002 7.494005416219807e-16 32.99999999999997 -7.494005416219807e-16 0.5000000000000002 -6.928203230275565
F 0.2500000000000008 -0.433012701892219 37.49999999999997 0.433012701892219 0.2500000000000008 -2.5980762113533773
F 0.5000000000000001 8.049116928532385e-16 35.99999999999997 -8.049116928532385e-16 0.5000000000000001 -3.464101615137814
P -0.5000000000000001 -8.049116928532385e-16 34.499999999999986 8.049116928532385e-16 -0.5000000000000001 0.8660254037843826
P -0.24999999999999936 -0.4330127018922198 35.999999999999986 0.4330127018922198 -0.24999999999999936 -5.861977570020827e-14
F -0.5000000000000001 -6.568819562365509e-16 29.999999999999986 6.568819562365509e-16 -0.5000000000000001 1.7320508075688286
F -0.2499999999999995 -0.43301270189221974 31.499999999999982 0.43301270189221974 -0.2499999999999995 0.8660254037843877
P -0.24999999999999958 -0.4330127018922197 28.49999999999998 0.4330127018922197 -0.24999999999999958 -2.5980762113533626
P 0.2500000000000005 -0.43301270189221913 28.49999999999998 0.43301270189221913 0.2500000000000005 -4.330127018922241
F 0.24999999999999942 0.43301270189221985 29.999999999999975 -0.43301270189221985 0.24999999999999942 -6.9282032302755585
F -0.2500000000000007 0.4330127018922191 29.99999999999998 -0.4330127018922191 -0.2500000000000007 -5.196152422706681
F -0.24999999999999933 -0.43301270189221974 35.999999999999986 0.43301270189221974 -0.24999999999999933 5.196152422706579
F 0.25000000000000067 -0.43301270189221897 35.999999999999986 0.43301270189221897 0.25000000000000067 3.4641016151377015
H -0.24999999999999944 -0.4330127018922198 34.49999999999999 0.4330127018922198 -0.24999999999999944 4.330127018922142
H -0.2499999999999993 -0.43301270189221974 32.999999999999986 0.43301270189221974 -0.2499999999999993 1.7320508075688288
H 0.5000000000000001 7.771561172376096e-16 34.499999999999986 -7.771561172376096e-16 0.5000000000000001 2.5980762113532654
H1 0.5 -8.049116928532385e-16 32.999999999999986 -8.049116928532385e-16 -0.5 3.4641016151377064
P -0.25000000000000067 0.43301270189221897 31.49999999999999 -0.43301270189221897 -0.25000000000000067 4.330127018922147
P -0.5 -7.494005416219807e-16 32.99999999999999 7.494005416219807e-16 -0.5 5.196152422706583
H -0.5000000000000001 -7.494005416219807e-16 28.499999999999993 7.494005416219807e-16 -0.5000000000000001 6.062177826491029
H -0.5 -8.326672684688674e-16 29.99999999999999 8.326672684688674e-16 -0.5 3.46410161513771
H 0.2500000000000008 -0.4330127018922191 29.999999999999993 0.4330127018922191 0.2500000000000008 5.196152422706588
H1 0.2500000000000007 0.43301270189221897 28.49999999999999 0.43301270189221897 -0.2500000000000007 4.330127018922151
F 0.24999999999999933 0.4330127018922198 26.99999999999999 -0.4330127018922198 0.24999999999999933 3.4641016151377144
F -0.2500000000000007 0.43301270189221897 26.99999999999999 -0.43301270189221897 -0.2500000000000007 5.196152422706592
H -0.2499999999999991 -0.43301270189221963 31.500000000000007 0.43301270189221963 -0.2499999999999991 14.722431864335402
H -0.24999999999999897 -0.4330127018922196 30.000000000000004 0.4330127018922196 -0.24999999999999897 12.12435565298209
H 0.4999999999999998 9.71445146547012e-16 31.500000000000004 -9.71445146547012e-16 0.4999999999999998 12.990381056766527
H1 0.49999999999999967 -9.992007221626409e-16 30.000000000000007 -9.992007221626409e-16 -0.49999999999999967 13.856406460550968
H -0.24999999999999922 -0.4330127018922195 28.5 0.4330127018922195 -0.24999999999999922 11.258330249197659
H -0.24999999999999908 -0.4330127018922195 26.999999999999996 0.4330127018922195 -0.24999999999999908 8.660254037844346
H 0.4999999999999998 8.326672684688674e-16 28.499999999999996 -8.326672684688674e-16 0.4999999999999998 9.526279441628784
H1 0.49999999999999967 -8.604228440844963e-16 27 -8.604228440844963e-16 -0.49999999999999967 10.392304845413223
H 0.4999999999999999 8.604228440844963e-16 32.99999999999999 -8.604228440844963e-16 0.4999999999999999 8.66025403784434
H 0.4999999999999998 9.43689570931383e-16 31.5 -9.43689570931383e-16 0.4999999999999998 11.258330249197657
H -0.25000000000000067 0.43301270189221874 31.499999999999996 -0.43301270189221874 -0.25000000000000067 9.52627944162878
H1 -0.25000000000000067 -0.4330127018922187 33 -0.4330127018922187 0.25000000000000067 10.392304845413216
T 0.25000000000000056 -0.4330127018922183 29.999999999999996 0.4330127018922183 0.25000000000000056 10.392304845413218
P -0.24999999999999908 -0.43301270189221963 34.5 0.43301270189221963 -0.24999999999999908 11.25833024919765
P 0.25000000000000067 -0.43301270189221863 34.5 0.43301270189221863 0.25000000000000067 9.526279441628773
F -0.24999999999999897 -0.4330127018922196 33 0.4330127018922196 -0.24999999999999897 15.58845726811984
F 0.2500000000000007 -0.4330127018922185 33 0.4330127018922185 0.2500000000000007 13.856406460550962
P -0.2500000000000007 0.4330127018922186 28.500000000000007 -0.4330127018922186 -0.2500000000000007 14.72243186433541
P -0.49999999999999967 -9.992007221626409e-16 30.000000000000007 9.992007221626409e-16 -0.49999999999999967 15.588457268119846
F -0.2500000000000006 0.43301270189221863 25.500000000000004 -0.43301270189221863 -0.2500000000000006 11.258330249197664
F -0.49999999999999967 -8.604228440844963e-16 27.000000000000004 8.604228440844963e-16 -0.49999999999999967 12.1243556529821
P -0.49999999999999967 -7.494005416219807e-16 28.499999999999993 7.494005416219807e-16 -0.49999999999999967 7.794228634059907
P -0.2499999999999992 -0.4330127018922194 29.99999999999999 0.4330127018922194 -0.2499999999999992 6.928203230275467
F 0.4999999999999998 9.71445146547012e-16 32.99999999999999 -9.71445146547012e-16 0.4999999999999998 6.9282032302754635
F 0.24999999999999906 0.43301270189221963 31.499999999999993 -0.43301270189221963 0.24999999999999906 7.7942286340599045
F 0.25000000000000044 -0.43301270189221847 39 0.43301270189221847 0.25000000000000044 12.124355652982079
F 0.49999999999999944 8.049116928532385e-16 37.5 -8.049116928532385e-16 0.49999999999999944 11.258330249197645
H 0.2500000000000004 -0.43301270189221863 37.50000000000001 0.43301270189221863 0.2500000000000004 12.99038105676652
H 0.25000000000000044 -0.4330127018922185 34.50000000000001 0.4330127018922185 0.25000000000000044 12.990381056766525
H 0.2499999999999992 0.43301270189221935 36.00000000000001 -0.43301270189221935 0.2499999999999992 12.124355652982086
H1 0.24999999999999914 -0.4330127018922193 36.00000000000001 -0.4330127018922193 -0.24999999999999914 13.85640646055096
P -0.49999999999999956 -7.771561172376096e-16 36.000000000000014 7.771561172376096e-16 -0.49999999999999956 15.588457268119834
P -0.2499999999999991 -0.4330127018922193 37.500000000000014 0.4330127018922193 -0.2499999999999991 14.722431864335395
H -0.24999999999999928 -0.4330127018922194 36.00000000000002 0.4330127018922194 -0.24999999999999928 19.052558883257586
H -0.24999999999999914 -0.4330127018922194 34.500000000000014 0.4330127018922194 -0.24999999999999914 16.454482671904273
H 0.4999999999999997 7.494005416219807e-16 36.000000000000014 -7.494005416219807e-16 0.4999999999999997 17.32050807568871
H1 0.49999999999999967 -7.771561172376096e-16 34.500000000000014 -7.771561172376096e-16 -0.49999999999999967 18.18653347947315
F -0.24999999999999903 -0.4330127018922193 37.500000000000014 0.4330127018922193 -0.24999999999999903 19.918584287042023
F 0.25000000000000044 -0.43301270189221847 37.500000000000014 0.43301270189221847 0.25000000000000044 18.186533479473148
F -0.25000000000000056 0.4330127018922185 33.00000000000002 -0.4330127018922185 -0.25000000000000056 19.052558883257593
F -0.49999999999999956 -8.604228440844963e-16 34.50000000000002 8.604228440844963e-16 -0.49999999999999956 19.918584287042027
F -0.49999999999999967 -1.0547118733938987e-15 25.50000000000002 1.0547118733938987e-15 -0.49999999999999967 18.18653347947317
F -0.24999999999999892 -0.4330127018922195 27.000000000000018 0.4330127018922195 -0.24999999999999892 17.32050807568873
H -0.49999999999999983 -9.159339953157541e-16 25.500000000000014 9.159339953157541e-16 -0.49999999999999983 16.454482671904294
H -0.4999999999999997 -9.992007221626409e-16 27.000000000000007 9.992007221626409e-16 -0.4999999999999997 13.856406460550977
H 0.2500000000000007 -0.43301270189221874 27.00000000000001 0.43301270189221874 0.2500000000000007 15.588457268119852
H1 0.2500000000000007 0.43301270189221863 25.50000000000001 0.43301270189221863 -0.2500000000000007 14.722431864335418
P 0.249999999999999 0.43301270189221963 24.00000000000001 -0.43301270189221963 0.249999999999999 13.856406460550982
P -0.2500000000000007 0.43301270189221863 24.000000000000014 -0.43301270189221863 -0.2500000000000007 15.588457268119859
H -0.2500000000000008 0.43301270189221874 21.00000000000001 -0.43301270189221874 -0.2500000000000008 12.124355652982112
H -0.25000000000000083 0.43301270189221863 24.00000000000001 -0.43301270189221863 -0.25000000000000083 12.124355652982105
H -0.24999999999999908 -0.4330127018922197 22.50000000000001 0.4330127018922197 -0.24999999999999908 12.990381056766546
H1 -0.24999999999999903 0.43301270189221963 22.500000000000007 0.43301270189221963 0.24999999999999903 11.258330249197671
F -0.2500000000000008 0.4330127018922185 19.50000000000001 -0.4330127018922185 -0.2500000000000008 12.990381056766553
F -0.49999999999999967 -1.0547118733938987e-15 21.00000000000001 1.0547118733938987e-15 -0.49999999999999967 13.85640646055099
F 0.4999999999999998 1.1102230246251565e-15 22.5 -1.1102230246251565e-15 0.4999999999999998 9.526279441628796
F 0.24999999999999892 0.4330127018922197 21.000000000000004 -0.4330127018922197 0.24999999999999892 10.392304845413237
