H -0.5 2.7755575615628914e-16 -2.5 -2.7755575615628914e-16 -0.5 2.5980762113533267
H -0.4999999999999999 1.942890293094024e-16 -0.9999999999999991 -1.942890293094024e-16 -0.4999999999999999 1.1546319456101628e-14
H 0.24999999999999978 -0.43301270189221946 -1.0000000000000004 0.43301270189221946 0.24999999999999978 1.7320508075688883
H1 0.24999999999999975 0.4330127018922194 -2.4999999999999996 0.4330127018922194 -0.24999999999999975 0.8660254037844495
H -0.5 4.163336342344337e-16 -0.9999999999999987 -4.163336342344337e-16 -0.5 -1.7320508075688656
H -0.5 3.3306690738754696e-16 0.5000000000000031 -3.3306690738754696e-16 -0.5 -4.33012701892218
H 0.24999999999999967 -0.4330127018922195 0.5000000000000009 0.4330127018922195 0.24999999999999967 -2.5980762113533036
H1 0.2499999999999997 0.43301270189221946 -0.9999999999999978 0.43301270189221946 -0.2499999999999997 -3.464101615137743
H 0.24999999999999972 -0.4330127018922195 3.4999999999999982 0.4330127018922195 0.24999999999999972 0.8660254037844561
H 0.24999999999999975 -0.4330127018922194 0.4999999999999982 0.4330127018922194 0.24999999999999975 0.8660254037844548
H 0.2500000000000003 0.4330127018922192 1.9999999999999987 -0.4330127018922192 0.2500000000000003 1.7763568394002505e-14
H1 0.2500000000000002 -0.4330127018922192 1.9999999999999978 -0.4330127018922192 -0.2500000000000002 1.7320508075688943
T -0.25 -0.4330127018922189 0.5000000000000001 0.4330127018922189 -0.25 -0.8660254037844266
P -0.5 2.498001805406602e-16 1.999999999999997 -2.498001805406602e-16 -0.5 3.464101615137772
P -0.2500000000000002 -0.4330127018922192 3.4999999999999973 0.4330127018922192 -0.2500000000000002 2.598076211353334
F -0.4999999999999999 1.942890293094024e-16 -2.500000000000001 -1.942890293094024e-16 -0.4999999999999999 4.330127018922203
F -0.2500000000000001 -0.4330127018922191 -1.0000000000000009 0.4330127018922191 -0.2500000000000001 3.464101615137766
P 0.25000000000000017 0.4330127018922192 -3.9999999999999982 -0.4330127018922192 0.25000000000000017 1.0658141036401503e-14
P -0.24999999999999975 0.4330127018922194 -3.999999999999999 -0.4330127018922194 -0.24999999999999975 1.7320508075688879
F 0.2500000000000003 0.43301270189221913 -2.4999999999999973 -0.43301270189221913 0.2500000000000003 -4.330127018922182
F -0.2499999999999997 0.43301270189221946 -2.4999999999999982 -0.43301270189221946 -0.2499999999999997 -2.598076211353305
P -0.24999999999999958 0.4330127018922195 2.0000000000000018 -0.4330127018922195 -0.24999999999999958 -3.46410161513774
P -0.49999999999999994 4.718447854656915e-16 3.500000000000001 -4.718447854656915e-16 -0.49999999999999994 -2.5980762113533005
F 0.24999999999999978 -0.43301270189221946 4.999999999999997 0.43301270189221946 0.24999999999999978 1.84297022087776e-14
F 0.5 -2.7755575615628914e-16 3.499999999999998 2.7755575615628914e-16 0.5 -0.8660254037844212
