H -0.49999999999999944 3.0531133177191805e-16 -7.000000000000032 -3.0531133177191805e-16 -0.49999999999999944 6.928203230275529
H -0.4999999999999994 2.220446049250313e-16 -5.500000000000033 -2.220446049250313e-16 -0.4999999999999994 4.330127018922218
H 0.2499999999999995 -0.43301270189221897 -5.500000000000035 0.43301270189221897 0.2499999999999995 6.062177826491093
H1 0.2499999999999995 0.4330127018922189 -7.000000000000032 0.4330127018922189 -0.2499999999999995 5.196152422706654
H -0.4999999999999995 4.718447854656915e-16 -5.500000000000032 -4.718447854656915e-16 -0.4999999999999995 2.5980762113533427
H -0.49999999999999944 3.885780586188048e-16 -4.000000000000032 -3.885780586188048e-16 -0.49999999999999944 3.064215547965432e-14
H 0.2499999999999994 -0.4330127018922191 -4.000000000000035 0.4330127018922191 0.2499999999999994 1.7320508075689054
H1 0.24999999999999936 0.433012701892219 -5.500000000000031 0.433012701892219 -0.24999999999999936 0.866025403784467
H 0.24999999999999942 -0.4330127018922191 -1.0000000000000413 0.4330127018922191 0.24999999999999942 5.196152422706661
H 0.24999999999999944 -0.43301270189221897 -4.000000000000038 0.43301270189221897 0.24999999999999944 5.19615242270666
H 0.25000000000000006 0.4330127018922187 -2.500000000000039 -0.4330127018922187 0.25000000000000006 4.330127018922223
H1 0.25 -0.43301270189221863 -2.5000000000000404 -0.43301270189221863 -0.25 6.062177826491098
T -0.24999999999999975 -0.4330127018922184 -4.0000000000000355 0.4330127018922184 -0.24999999999999975 3.4641016151377806
P -0.49999999999999944 2.7755575615628914e-16 -2.500000000000041 -2.7755575615628914e-16 -0.49999999999999944 7.794228634059974
P -0.24999999999999997 -0.43301270189221863 -1.0000000000000422 0.43301270189221863 -0.24999999999999997 6.928203230275537
F -0.4999999999999994 2.220446049250313e-16 -7.000000000000034 -2.220446049250313e-16 -0.4999999999999994 8.660254037844407
F -0.2499999999999999 -0.43301270189221863 -5.500000000000035 0.43301270189221863 -0.2499999999999999 7.794228634059969
P 0.24999999999999992 0.4330127018922187 -8.50000000000003 -0.4330127018922187 0.24999999999999992 4.330127018922217
P -0.2499999999999995 0.4330127018922189 -8.50000000000003 -0.4330127018922189 -0.2499999999999995 6.062177826491092
F 0.25000000000000006 0.43301270189221863 -7.000000000000029 -0.43301270189221863 0.25000000000000006 2.90878432451791e-14
F -0.24999999999999936 0.433012701892219 -7.000000000000031 -0.433012701892219 -0.24999999999999936 1.7320508075689043
P -0.24999999999999928 0.4330127018922191 -2.500000000000036 -0.4330127018922191 -0.24999999999999928 0.8660254037844697
P -0.49999999999999944 5.273559366969494e-16 -1.0000000000000386 -5.273559366969494e-16 -0.49999999999999944 1.7320508075689087
F 0.2499999999999995 -0.43301270189221897 0.4999999999999565 0.43301270189221897 0.2499999999999995 4.330127018922225
F 0.49999999999999944 -2.7755575615628914e-16 -1.0000000000000413 2.7755575615628914e-16 0.49999999999999944 3.4641016151377864
H -0.4999999999999994 8.326672684688674e-17 -4.00000000000003 -8.326672684688674e-17 -0.4999999999999994 -3.46410161513772
H -0.49999999999999933 0 -2.500000000000032 0 -0.49999999999999933 -6.062177826491032
H 0.2499999999999996 -0.43301270189221885 -2.500000000000033 0.43301270189221885 0.2499999999999996 -4.330127018922158
H1 0.24999999999999967 0.43301270189221874 -4.00000000000003 0.43301270189221874 -0.24999999999999967 -5.196152422706595
H -0.4999999999999994 2.220446049250313e-16 -2.500000000000033 -2.220446049250313e-16 -0.4999999999999994 -7.794228634059907
H -0.49999999999999933 1.3877787807814457e-16 -1.0000000000000338 -1.3877787807814457e-16 -0.49999999999999933 -10.39230484541322
H 0.24999999999999956 -0.4330127018922189 -1.000000000000035 0.4330127018922189 0.24999999999999956 -8.660254037844345
H1 0.24999999999999956 0.43301270189221885 -2.500000000000032 0.43301270189221885 -0.24999999999999956 -9.526279441628782
H 0.24999999999999958 -0.4330127018922189 1.999999999999959 0.4330127018922189 0.24999999999999958 -5.196152422706591
H 0.2499999999999996 -0.4330127018922188 -1.0000000000000373 0.4330127018922188 0.2499999999999996 -5.196152422706591
H 0.24999999999999983 0.43301270189221874 0.4999999999999609 -0.43301270189221874 0.24999999999999983 -6.062177826491028
H1 0.24999999999999978 -0.4330127018922187 0.4999999999999605 -0.4330127018922187 -0.24999999999999978 -4.330127018922154
T -0.24999999999999953 -0.43301270189221847 -1.0000000000000355 0.43301270189221847 -0.24999999999999953 -6.928203230275471
P -0.4999999999999994 5.551115123125783e-17 0.4999999999999605 -5.551115123125783e-17 -0.4999999999999994 -2.598076211353278
P -0.24999999999999975 -0.43301270189221874 1.999999999999959 0.43301270189221874 -0.24999999999999975 -3.4641016151377153
F -0.49999999999999933 0 -4.000000000000031 0 -0.49999999999999933 -1.7320508075688457
F -0.24999999999999967 -0.43301270189221874 -2.500000000000033 0.43301270189221874 -0.24999999999999967 -2.598076211353283
P 0.2499999999999997 0.43301270189221874 -5.5000000000000275 -0.43301270189221874 0.2499999999999997 -6.062177826491032
P -0.24999999999999967 0.43301270189221874 -5.5000000000000275 -0.43301270189221874 -0.24999999999999967 -4.330127018922157
F 0.24999999999999983 0.4330127018922187 -4.00000000000003 -0.4330127018922187 0.24999999999999983 -10.392304845413221
F -0.24999999999999953 0.43301270189221885 -4.00000000000003 -0.43301270189221885 -0.24999999999999953 -8.660254037844346
P -0.24999999999999944 0.43301270189221885 0.49999999999996303 -0.43301270189221885 -0.24999999999999944 -9.526279441628782
P -0.4999999999999993 2.498001805406602e-16 1.9999999999999605 -2.498001805406602e-16 -0.4999999999999993 -8.660254037844345
F 0.2499999999999996 -0.43301270189221885 3.4999999999999565 0.43301270189221885 0.2499999999999996 -6.062177826491029
F 0.49999999999999933 -1.1102230246251565e-16 1.9999999999999583 1.1102230246251565e-16 0.49999999999999933 -6.928203230275466
H 0.24999999999999956 -0.4330127018922195 9.499999999999938 0.4330127018922195 0.24999999999999956 2.5980762113533524
H 0.24999999999999958 -0.4330127018922194 6.499999999999938 0.4330127018922194 0.24999999999999958 2.5980762113533498
H 0.25000000000000033 0.433012701892219 7.999999999999939 -0.433012701892219 0.25000000000000033 1.7320508075689132
H1 0.2500000000000003 -0.43301270189221897 7.999999999999938 -0.43301270189221897 -0.2500000000000003 3.4641016151377895
H 0.24999999999999944 -0.4330127018922196 4.999999999999937 0.4330127018922196 0.24999999999999944 3.4641016151377877
H 0.24999999999999947 -0.43301270189221946 1.9999999999999378 0.43301270189221946 0.24999999999999947 3.4641016151377846
H 0.2500000000000005 0.43301270189221897 3.4999999999999383 -0.43301270189221897 0.2500000000000005 2.5980762113533484
H1 0.25000000000000044 -0.4330127018922189 3.4999999999999365 -0.4330127018922189 -0.25000000000000044 4.330127018922225
H 0.25000000000000044 0.4330127018922191 4.999999999999946 -0.4330127018922191 0.25000000000000044 -1.7320508075688434
H 0.2500000000000004 0.433012701892219 6.499999999999943 -0.433012701892219 0.2500000000000004 0.866025403784473
H -0.5 5.273559366969494e-16 4.999999999999945 -5.273559366969494e-16 -0.5 3.3306690738754696e-14
H1 -0.49999999999999994 -4.996003610813204e-16 6.499999999999945 -4.996003610813204e-16 0.49999999999999994 -0.8660254037844037
T 0.49999999999999956 -4.163336342344334e-16 4.999999999999939 4.163336342344334e-16 0.49999999999999956 1.7320508075689116
P 0.24999999999999958 -0.4330127018922195 7.999999999999945 0.4330127018922195 0.24999999999999958 -1.732050807568841
P 0.49999999999999994 -4.718447854656915e-16 6.499999999999946 4.718447854656915e-16 0.49999999999999994 -2.598076211353281
F 0.24999999999999958 -0.4330127018922194 10.999999999999938 0.4330127018922194 0.24999999999999958 1.7320508075689156
F 0.49999999999999983 -4.163336342344337e-16 9.49999999999994 4.163336342344337e-16 0.49999999999999983 0.866025403784476
P -0.4999999999999999 4.163336342344337e-16 7.999999999999933 -4.163336342344337e-16 -0.4999999999999999 5.196152422706667
P -0.2500000000000003 -0.43301270189221897 9.499999999999934 0.43301270189221897 -0.2500000000000003 4.330127018922229
F -0.4999999999999999 5.643633708511212e-16 3.4999999999999356 -5.643633708511212e-16 -0.4999999999999999 6.0621778264911015
F -0.25000000000000044 -0.4330127018922189 4.999999999999936 0.4330127018922189 -0.25000000000000044 5.196152422706665
P -0.2500000000000005 -0.43301270189221885 1.9999999999999403 0.43301270189221885 -0.2500000000000005 1.732050807568908
P 0.2499999999999993 -0.4330127018922195 1.9999999999999427 0.4330127018922195 0.2499999999999993 3.11972669919669e-14
F 0.25000000000000033 0.433012701892219 3.499999999999947 -0.433012701892219 0.25000000000000033 -2.5980762113532823
F -0.24999999999999956 0.4330127018922194 3.499999999999946 -0.4330127018922194 -0.24999999999999956 -0.8660254037844051
H -0.25000000000000006 -0.4330127018922187 0.4999999999999618 0.4330127018922187 -0.25000000000000006 0.8660254037844697
H -0.24999999999999994 -0.43301270189221863 -1.000000000000035 0.43301270189221863 -0.24999999999999994 -1.7320508075688439
H 0.49999999999999944 -3.3306690738754696e-16 0.4999999999999618 3.3306690738754696e-16 0.49999999999999944 -0.8660254037844046
H1 0.4999999999999994 3.0531133177191805e-16 -1.0000000000000362 3.0531133177191805e-16 -0.4999999999999994 3.1530333899354446e-14
F -0.25000000000000033 -0.433012701892219 9.49999999999993 0.433012701892219 -0.25000000000000033 9.52627944162886
F 0.24999999999999956 -0.4330127018922194 9.499999999999932 0.4330127018922194 0.24999999999999956 7.794228634059984
H -0.25000000000000044 -0.4330127018922191 7.9999999999999325 0.4330127018922191 -0.25000000000000044 8.66025403784442
H -0.25000000000000033 -0.4330127018922191 6.499999999999934 0.4330127018922191 -0.25000000000000033 6.062177826491103
H 0.5 -4.440892098500626e-16 7.9999999999999325 4.440892098500626e-16 0.5 6.928203230275543
H1 0.4999999999999999 4.163336342344337e-16 6.4999999999999325 4.163336342344337e-16 -0.4999999999999999 7.79422863405998
P -0.24999999999999956 0.43301270189221946 4.9999999999999325 -0.43301270189221946 -0.24999999999999956 8.660254037844417
P -0.4999999999999999 4.718447854656915e-16 6.499999999999931 -4.718447854656915e-16 -0.4999999999999999 9.526279441628857
H -0.5 4.718447854656915e-16 1.9999999999999316 -4.718447854656915e-16 -0.5 10.392304845413292
H -0.49999999999999994 3.885780586188048e-16 3.4999999999999334 -3.885780586188048e-16 -0.49999999999999994 7.794228634059978
H 0.24999999999999964 -0.4330127018922195 3.4999999999999316 0.4330127018922195 0.24999999999999964 9.526279441628855
H1 0.2499999999999996 0.43301270189221946 1.999999999999933 0.43301270189221946 -0.2499999999999996 8.660254037844416
F 0.25000000000000033 0.4330127018922191 0.4999999999999347 -0.4330127018922191 0.25000000000000033 7.794228634059975
F -0.2499999999999996 0.43301270189221946 0.4999999999999334 -0.43301270189221946 -0.2499999999999996 9.526279441628851
F -0.24999999999999992 -0.4330127018922184 -1.000000000000048 0.4330127018922184 -0.24999999999999992 12.12435565298216
F 0.24999999999999922 -0.43301270189221874 -1.0000000000000464 0.43301270189221874 0.24999999999999922 10.392304845413287
H -0.25000000000000006 -0.4330127018922184 -2.5000000000000444 0.4330127018922184 -0.25000000000000006 11.258330249197723
H -0.24999999999999994 -0.4330127018922184 -4.00000000000004 0.4330127018922184 -0.24999999999999994 8.66025403784441
H 0.4999999999999992 -4.718447854656915e-16 -2.5000000000000435 4.718447854656915e-16 0.4999999999999992 9.526279441628848
H1 0.49999999999999917 4.440892098500626e-16 -4.000000000000041 4.440892098500626e-16 -0.49999999999999917 10.392304845413284
P -0.24999999999999925 0.43301270189221885 -5.500000000000039 -0.43301270189221885 -0.24999999999999925 11.25833024919772
P -0.49999999999999917 4.163336342344337e-16 -4.000000000000043 -4.163336342344337e-16 -0.49999999999999917 12.124355652982159
H -0.49999999999999933 5.551115123125783e-16 -8.500000000000036 -5.551115123125783e-16 -0.49999999999999933 12.990381056766592
H -0.4999999999999992 4.718447854656915e-16 -7.000000000000035 -4.718447854656915e-16 -0.4999999999999992 10.392304845413282
H 0.24999999999999922 -0.433012701892219 -7.000000000000037 0.433012701892219 0.24999999999999922 12.124355652982157
H1 0.2499999999999992 0.43301270189221897 -8.500000000000034 0.43301270189221897 -0.2499999999999992 11.258330249197718
F -0.49999999999999917 3.885780586188048e-16 -8.500000000000037 -3.885780586188048e-16 -0.49999999999999917 14.722431864335466
F -0.24999999999999992 -0.4330127018922184 -7.000000000000039 0.4330127018922184 -0.24999999999999992 13.85640646055103
F 0.24999999999999992 0.4330127018922185 -10.000000000000032 -0.4330127018922185 0.24999999999999992 10.392304845413278
F -0.24999999999999933 0.43301270189221885 -10.000000000000034 -0.43301270189221885 -0.24999999999999933 12.124355652982151
F -0.24999999999999956 0.43301270189221897 -13.000000000000025 -0.43301270189221897 -0.24999999999999956 3.464101615137777
F -0.49999999999999944 2.220446049250313e-16 -11.500000000000027 -2.220446049250313e-16 -0.49999999999999944 4.330127018922216
H -0.24999999999999956 0.4330127018922191 -11.500000000000025 -0.4330127018922191 -0.24999999999999956 2.598076211353341
H -0.24999999999999958 0.43301270189221897 -8.500000000000028 -0.43301270189221897 -0.24999999999999958 2.5980762113533418
H -0.24999999999999997 -0.4330127018922188 -10.000000000000027 0.4330127018922188 -0.24999999999999997 3.464101615137778
H1 -0.24999999999999992 0.43301270189221874 -10.000000000000027 0.43301270189221874 0.24999999999999992 1.7320508075689034
P 0.49999999999999944 -2.498001805406602e-16 -10.000000000000025 2.498001805406602e-16 0.49999999999999944 2.8310687127941492e-14
P 0.24999999999999994 0.4330127018922187 -11.500000000000023 -0.4330127018922187 0.24999999999999994 0.8660254037844651
H 0.25 0.43301270189221874 -10.000000000000023 -0.43301270189221874 0.25 -3.4641016151377215
H 0.2499999999999999 0.43301270189221874 -8.500000000000025 -0.43301270189221874 0.2499999999999999 -0.8660254037844073
H -0.49999999999999956 2.498001805406602e-16 -10.000000000000023 -2.498001805406602e-16 -0.49999999999999956 -1.7320508075688466
H1 -0.49999999999999944 -2.220446049250313e-16 -8.500000000000025 -2.220446049250313e-16 0.49999999999999944 -2.598076211353283
F 0.24999999999999956 -0.43301270189221897 -7.000000000000027 0.43301270189221897 0.24999999999999956 -3.46410161513772
F 0.49999999999999944 -2.220446049250313e-16 -8.500000000000025 2.220446049250313e-16 0.49999999999999944 -4.330127018922159
F -0.2499999999999996 0.43301270189221885 -10.000000000000023 -0.43301270189221885 -0.2499999999999996 -6.9282032302754715
F -0.49999999999999933 1.1102230246251565e-16 -8.500000000000025 -1.1102230246251565e-16 -0.49999999999999933 -6.062177826491034
H -0.2499999999999996 0.43301270189221897 -8.500000000000025 -0.43301270189221897 -0.2499999999999996 -7.794228634059908
H -0.24999999999999964 0.43301270189221885 -5.500000000000028 -0.43301270189221885 -0.24999999999999964 -7.794228634059908
H -0.24999999999999986 -0.4330127018922188 -7.000000000000027 0.4330127018922188 -0.24999999999999986 -6.9282032302754715
H1 -0.2499999999999998 0.43301270189221874 -7.000000000000026 0.43301270189221874 0.2499999999999998 -8.660254037844346
P 0.4999999999999995 -8.326672684688674e-17 -7.000000000000027 8.326672684688674e-17 0.4999999999999995 -10.392304845413223
P 0.24999999999999983 0.4330127018922188 -8.500000000000025 -0.4330127018922188 0.24999999999999983 -9.526279441628786
H 0.24999999999999994 0.43301270189221885 -7.000000000000027 -0.43301270189221885 0.24999999999999994 -13.856406460550973
H 0.24999999999999983 0.43301270189221885 -5.500000000000028 -0.43301270189221885 0.24999999999999983 -11.258330249197659
H -0.49999999999999956 1.3877787807814457e-16 -7.000000000000027 -1.3877787807814457e-16 -0.49999999999999956 -12.124355652982098
H1 -0.4999999999999995 -1.1102230246251565e-16 -5.500000000000028 -1.1102230246251565e-16 0.4999999999999995 -12.990381056766534
F 0.24999999999999975 0.4330127018922188 -8.500000000000025 -0.4330127018922188 0.24999999999999975 -14.72243186433541
F -0.2499999999999996 0.43301270189221885 -8.500000000000025 -0.43301270189221885 -0.2499999999999996 -12.990381056766536
F 0.24999999999999972 -0.43301270189221885 -4.000000000000029 0.43301270189221885 0.24999999999999972 -13.856406460550971
F 0.49999999999999944 -2.7755575615628914e-17 -5.5000000000000275 2.7755575615628914e-17 0.49999999999999944 -14.722431864335409
F -0.4999999999999994 3.885780586188048e-16 6.499999999999952 -3.885780586188048e-16 -0.4999999999999994 -4.33012701892215
F -0.25000000000000006 -0.4330127018922185 7.999999999999951 0.4330127018922185 -0.25000000000000006 -5.196152422706587
H -0.4999999999999995 4.163336342344337e-16 6.499999999999954 -4.163336342344337e-16 -0.4999999999999995 -6.062177826491025
H -0.4999999999999994 3.3306690738754696e-16 7.999999999999953 -3.3306690738754696e-16 -0.4999999999999994 -8.660254037844338
H 0.24999999999999942 -0.4330127018922191 7.999999999999951 0.4330127018922191 0.24999999999999942 -6.928203230275463
H1 0.2499999999999994 0.43301270189221897 6.499999999999954 0.43301270189221897 -0.2499999999999994 -7.794228634059901
P 0.25000000000000006 0.4330127018922186 4.999999999999957 -0.4330127018922186 0.25000000000000006 -8.66025403784434
P -0.2499999999999993 0.43301270189221897 4.999999999999956 -0.43301270189221897 -0.2499999999999993 -6.928203230275464
H -0.2499999999999994 0.4330127018922191 1.9999999999999627 -0.4330127018922191 -0.2499999999999994 -10.392304845413216
H -0.24999999999999942 0.43301270189221897 4.999999999999959 -0.43301270189221897 -0.24999999999999942 -10.392304845413214
H -0.2500000000000001 -0.4330127018922187 3.4999999999999605 0.4330127018922187 -0.2500000000000001 -9.526279441628779
H1 -0.25000000000000006 0.43301270189221863 3.499999999999962 0.43301270189221863 0.25000000000000006 -11.258330249197654
F 0.49999999999999944 -3.608224830031759e-16 3.4999999999999627 3.608224830031759e-16 0.49999999999999944 -12.990381056766529
F 0.25000000000000006 0.43301270189221863 1.999999999999964 -0.43301270189221863 0.25000000000000006 -12.124355652982093
F 0.4999999999999995 -5.273559366969494e-16 10.999999999999948 5.273559366969494e-16 0.4999999999999995 -5.1961524227065885
F 0.2500000000000002 0.4330127018922186 9.499999999999948 -0.4330127018922186 0.2500000000000002 -4.330127018922152
H 0.4999999999999996 -6.38378239159465e-16 10.999999999999947 6.38378239159465e-16 0.4999999999999996 -3.464101615137714
H 0.49999999999999956 -5.551115123125783e-16 9.499999999999945 5.551115123125783e-16 0.49999999999999956 -0.866025403784402
H -0.24999999999999933 0.4330127018922193 9.499999999999947 -0.4330127018922193 -0.24999999999999933 -2.5980762113532774
H1 -0.2499999999999993 -0.43301270189221924 10.999999999999945 -0.43301270189221924 0.2499999999999993 -1.7320508075688383
P -0.2500000000000003 -0.43301270189221874 12.499999999999943 0.43301270189221874 -0.2500000000000003 -0.8660254037843984
P 0.24999999999999936 -0.4330127018922193 12.499999999999945 0.4330127018922193 0.24999999999999936 -2.5980762113532743
H 0.24999999999999933 -0.4330127018922194 15.499999999999938 0.4330127018922194 0.24999999999999933 0.8660254037844795
H 0.24999999999999936 -0.4330127018922193 12.49999999999994 0.4330127018922193 0.24999999999999936 0.8660254037844763
H 0.2500000000000004 0.4330127018922188 13.99999999999994 -0.4330127018922188 0.2500000000000004 4.085620730620576e-14
H1 0.25000000000000033 -0.43301270189221874 13.99999999999994 -0.43301270189221874 -0.25000000000000033 1.732050807568916
F 0.24999999999999933 -0.4330127018922192 16.99999999999994 0.4330127018922192 0.24999999999999933 4.374278717023117e-14
F 0.4999999999999995 -5.273559366969494e-16 15.49999999999994 5.273559366969494e-16 0.4999999999999995 -0.8660254037843956
F -0.4999999999999996 4.718447854656915e-16 13.999999999999936 -4.718447854656915e-16 -0.4999999999999996 3.4641016151377935
F -0.2500000000000002 -0.43301270189221874 15.499999999999936 0.43301270189221874 -0.2500000000000002 2.598076211353357
